/*--------------------------------*- C++ -*----------------------------------*\
  =========                 |
  \\      /  F ield         | OpenFOAM: The Open Source CFD Toolbox
   \\    /   O peration     | Website:  https://openfoam.org
    \\  /    A nd           | Version:  11
     \\/     M anipulation  |
\*---------------------------------------------------------------------------*/
FoamFile
{
    format      ascii;
    class       labelList;
    note        "nPoints: 18422 nCells: 9000 nFaces: 36210 nInternalFaces: 17790";
    location    "constant/polyMesh";
    object      neighbour;
}
// * * * * * * * * * * * * * * * * * * * * * * * * * * * * * * * * * * * * * //


17790
(
1
150
2
151
3
152
4
153
5
154
6
155
7
156
8
157
9
158
10
159
11
160
12
161
13
162
14
163
15
164
16
165
17
166
18
167
19
168
20
169
21
170
22
171
23
172
24
173
25
174
26
175
27
176
28
177
29
178
30
179
31
180
32
181
33
182
34
183
35
184
36
185
37
186
38
187
39
188
40
189
41
190
42
191
43
192
44
193
45
194
46
195
47
196
48
197
49
198
50
199
51
200
52
201
53
202
54
203
55
204
56
205
57
206
58
207
59
208
60
209
61
210
62
211
63
212
64
213
65
214
66
215
67
216
68
217
69
218
70
219
71
220
72
221
73
222
74
223
75
224
76
225
77
226
78
227
79
228
80
229
81
230
82
231
83
232
84
233
85
234
86
235
87
236
88
237
89
238
90
239
91
240
92
241
93
242
94
243
95
244
96
245
97
246
98
247
99
248
100
249
101
250
102
251
103
252
104
253
105
254
106
255
107
256
108
257
109
258
110
259
111
260
112
261
113
262
114
263
115
264
116
265
117
266
118
267
119
268
120
269
121
270
122
271
123
272
124
273
125
274
126
275
127
276
128
277
129
278
130
279
131
280
132
281
133
282
134
283
135
284
136
285
137
286
138
287
139
288
140
289
141
290
142
291
143
292
144
293
145
294
146
295
147
296
148
297
149
298
299
151
300
152
301
153
302
154
303
155
304
156
305
157
306
158
307
159
308
160
309
161
310
162
311
163
312
164
313
165
314
166
315
167
316
168
317
169
318
170
319
171
320
172
321
173
322
174
323
175
324
176
325
177
326
178
327
179
328
180
329
181
330
182
331
183
332
184
333
185
334
186
335
187
336
188
337
189
338
190
339
191
340
192
341
193
342
194
343
195
344
196
345
197
346
198
347
199
348
200
349
201
350
202
351
203
352
204
353
205
354
206
355
207
356
208
357
209
358
210
359
211
360
212
361
213
362
214
363
215
364
216
365
217
366
218
367
219
368
220
369
221
370
222
371
223
372
224
373
225
374
226
375
227
376
228
377
229
378
230
379
231
380
232
381
233
382
234
383
235
384
236
385
237
386
238
387
239
388
240
389
241
390
242
391
243
392
244
393
245
394
246
395
247
396
248
397
249
398
250
399
251
400
252
401
253
402
254
403
255
404
256
405
257
406
258
407
259
408
260
409
261
410
262
411
263
412
264
413
265
414
266
415
267
416
268
417
269
418
270
419
271
420
272
421
273
422
274
423
275
424
276
425
277
426
278
427
279
428
280
429
281
430
282
431
283
432
284
433
285
434
286
435
287
436
288
437
289
438
290
439
291
440
292
441
293
442
294
443
295
444
296
445
297
446
298
447
299
448
449
301
450
302
451
303
452
304
453
305
454
306
455
307
456
308
457
309
458
310
459
311
460
312
461
313
462
314
463
315
464
316
465
317
466
318
467
319
468
320
469
321
470
322
471
323
472
324
473
325
474
326
475
327
476
328
477
329
478
330
479
331
480
332
481
333
482
334
483
335
484
336
485
337
486
338
487
339
488
340
489
341
490
342
491
343
492
344
493
345
494
346
495
347
496
348
497
349
498
350
499
351
500
352
501
353
502
354
503
355
504
356
505
357
506
358
507
359
508
360
509
361
510
362
511
363
512
364
513
365
514
366
515
367
516
368
517
369
518
370
519
371
520
372
521
373
522
374
523
375
524
376
525
377
526
378
527
379
528
380
529
381
530
382
531
383
532
384
533
385
534
386
535
387
536
388
537
389
538
390
539
391
540
392
541
393
542
394
543
395
544
396
545
397
546
398
547
399
548
400
549
401
550
402
551
403
552
404
553
405
554
406
555
407
556
408
557
409
558
410
559
411
560
412
561
413
562
414
563
415
564
416
565
417
566
418
567
419
568
420
569
421
570
422
571
423
572
424
573
425
574
426
575
427
576
428
577
429
578
430
579
431
580
432
581
433
582
434
583
435
584
436
585
437
586
438
587
439
588
440
589
441
590
442
591
443
592
444
593
445
594
446
595
447
596
448
597
449
598
599
451
600
452
601
453
602
454
603
455
604
456
605
457
606
458
607
459
608
460
609
461
610
462
611
463
612
464
613
465
614
466
615
467
616
468
617
469
618
470
619
471
620
472
621
473
622
474
623
475
624
476
625
477
626
478
627
479
628
480
629
481
630
482
631
483
632
484
633
485
634
486
635
487
636
488
637
489
638
490
639
491
640
492
641
493
642
494
643
495
644
496
645
497
646
498
647
499
648
500
649
501
650
502
651
503
652
504
653
505
654
506
655
507
656
508
657
509
658
510
659
511
660
512
661
513
662
514
663
515
664
516
665
517
666
518
667
519
668
520
669
521
670
522
671
523
672
524
673
525
674
526
675
527
676
528
677
529
678
530
679
531
680
532
681
533
682
534
683
535
684
536
685
537
686
538
687
539
688
540
689
541
690
542
691
543
692
544
693
545
694
546
695
547
696
548
697
549
698
550
699
551
700
552
701
553
702
554
703
555
704
556
705
557
706
558
707
559
708
560
709
561
710
562
711
563
712
564
713
565
714
566
715
567
716
568
717
569
718
570
719
571
720
572
721
573
722
574
723
575
724
576
725
577
726
578
727
579
728
580
729
581
730
582
731
583
732
584
733
585
734
586
735
587
736
588
737
589
738
590
739
591
740
592
741
593
742
594
743
595
744
596
745
597
746
598
747
599
748
749
601
750
602
751
603
752
604
753
605
754
606
755
607
756
608
757
609
758
610
759
611
760
612
761
613
762
614
763
615
764
616
765
617
766
618
767
619
768
620
769
621
770
622
771
623
772
624
773
625
774
626
775
627
776
628
777
629
778
630
779
631
780
632
781
633
782
634
783
635
784
636
785
637
786
638
787
639
788
640
789
641
790
642
791
643
792
644
793
645
794
646
795
647
796
648
797
649
798
650
799
651
800
652
801
653
802
654
803
655
804
656
805
657
806
658
807
659
808
660
809
661
810
662
811
663
812
664
813
665
814
666
815
667
816
668
817
669
818
670
819
671
820
672
821
673
822
674
823
675
824
676
825
677
826
678
827
679
828
680
829
681
830
682
831
683
832
684
833
685
834
686
835
687
836
688
837
689
838
690
839
691
840
692
841
693
842
694
843
695
844
696
845
697
846
698
847
699
848
700
849
701
850
702
851
703
852
704
853
705
854
706
855
707
856
708
857
709
858
710
859
711
860
712
861
713
862
714
863
715
864
716
865
717
866
718
867
719
868
720
869
721
870
722
871
723
872
724
873
725
874
726
875
727
876
728
877
729
878
730
879
731
880
732
881
733
882
734
883
735
884
736
885
737
886
738
887
739
888
740
889
741
890
742
891
743
892
744
893
745
894
746
895
747
896
748
897
749
898
899
751
900
752
901
753
902
754
903
755
904
756
905
757
906
758
907
759
908
760
909
761
910
762
911
763
912
764
913
765
914
766
915
767
916
768
917
769
918
770
919
771
920
772
921
773
922
774
923
775
924
776
925
777
926
778
927
779
928
780
929
781
930
782
931
783
932
784
933
785
934
786
935
787
936
788
937
789
938
790
939
791
940
792
941
793
942
794
943
795
944
796
945
797
946
798
947
799
948
800
949
801
950
802
951
803
952
804
953
805
954
806
955
807
956
808
957
809
958
810
959
811
960
812
961
813
962
814
963
815
964
816
965
817
966
818
967
819
968
820
969
821
970
822
971
823
972
824
973
825
974
826
975
827
976
828
977
829
978
830
979
831
980
832
981
833
982
834
983
835
984
836
985
837
986
838
987
839
988
840
989
841
990
842
991
843
992
844
993
845
994
846
995
847
996
848
997
849
998
850
999
851
1000
852
1001
853
1002
854
1003
855
1004
856
1005
857
1006
858
1007
859
1008
860
1009
861
1010
862
1011
863
1012
864
1013
865
1014
866
1015
867
1016
868
1017
869
1018
870
1019
871
1020
872
1021
873
1022
874
1023
875
1024
876
1025
877
1026
878
1027
879
1028
880
1029
881
1030
882
1031
883
1032
884
1033
885
1034
886
1035
887
1036
888
1037
889
1038
890
1039
891
1040
892
1041
893
1042
894
1043
895
1044
896
1045
897
1046
898
1047
899
1048
1049
901
1050
902
1051
903
1052
904
1053
905
1054
906
1055
907
1056
908
1057
909
1058
910
1059
911
1060
912
1061
913
1062
914
1063
915
1064
916
1065
917
1066
918
1067
919
1068
920
1069
921
1070
922
1071
923
1072
924
1073
925
1074
926
1075
927
1076
928
1077
929
1078
930
1079
931
1080
932
1081
933
1082
934
1083
935
1084
936
1085
937
1086
938
1087
939
1088
940
1089
941
1090
942
1091
943
1092
944
1093
945
1094
946
1095
947
1096
948
1097
949
1098
950
1099
951
1100
952
1101
953
1102
954
1103
955
1104
956
1105
957
1106
958
1107
959
1108
960
1109
961
1110
962
1111
963
1112
964
1113
965
1114
966
1115
967
1116
968
1117
969
1118
970
1119
971
1120
972
1121
973
1122
974
1123
975
1124
976
1125
977
1126
978
1127
979
1128
980
1129
981
1130
982
1131
983
1132
984
1133
985
1134
986
1135
987
1136
988
1137
989
1138
990
1139
991
1140
992
1141
993
1142
994
1143
995
1144
996
1145
997
1146
998
1147
999
1148
1000
1149
1001
1150
1002
1151
1003
1152
1004
1153
1005
1154
1006
1155
1007
1156
1008
1157
1009
1158
1010
1159
1011
1160
1012
1161
1013
1162
1014
1163
1015
1164
1016
1165
1017
1166
1018
1167
1019
1168
1020
1169
1021
1170
1022
1171
1023
1172
1024
1173
1025
1174
1026
1175
1027
1176
1028
1177
1029
1178
1030
1179
1031
1180
1032
1181
1033
1182
1034
1183
1035
1184
1036
1185
1037
1186
1038
1187
1039
1188
1040
1189
1041
1190
1042
1191
1043
1192
1044
1193
1045
1194
1046
1195
1047
1196
1048
1197
1049
1198
1199
1051
1200
1052
1201
1053
1202
1054
1203
1055
1204
1056
1205
1057
1206
1058
1207
1059
1208
1060
1209
1061
1210
1062
1211
1063
1212
1064
1213
1065
1214
1066
1215
1067
1216
1068
1217
1069
1218
1070
1219
1071
1220
1072
1221
1073
1222
1074
1223
1075
1224
1076
1225
1077
1226
1078
1227
1079
1228
1080
1229
1081
1230
1082
1231
1083
1232
1084
1233
1085
1234
1086
1235
1087
1236
1088
1237
1089
1238
1090
1239
1091
1240
1092
1241
1093
1242
1094
1243
1095
1244
1096
1245
1097
1246
1098
1247
1099
1248
1100
1249
1101
1250
1102
1251
1103
1252
1104
1253
1105
1254
1106
1255
1107
1256
1108
1257
1109
1258
1110
1259
1111
1260
1112
1261
1113
1262
1114
1263
1115
1264
1116
1265
1117
1266
1118
1267
1119
1268
1120
1269
1121
1270
1122
1271
1123
1272
1124
1273
1125
1274
1126
1275
1127
1276
1128
1277
1129
1278
1130
1279
1131
1280
1132
1281
1133
1282
1134
1283
1135
1284
1136
1285
1137
1286
1138
1287
1139
1288
1140
1289
1141
1290
1142
1291
1143
1292
1144
1293
1145
1294
1146
1295
1147
1296
1148
1297
1149
1298
1150
1299
1151
1300
1152
1301
1153
1302
1154
1303
1155
1304
1156
1305
1157
1306
1158
1307
1159
1308
1160
1309
1161
1310
1162
1311
1163
1312
1164
1313
1165
1314
1166
1315
1167
1316
1168
1317
1169
1318
1170
1319
1171
1320
1172
1321
1173
1322
1174
1323
1175
1324
1176
1325
1177
1326
1178
1327
1179
1328
1180
1329
1181
1330
1182
1331
1183
1332
1184
1333
1185
1334
1186
1335
1187
1336
1188
1337
1189
1338
1190
1339
1191
1340
1192
1341
1193
1342
1194
1343
1195
1344
1196
1345
1197
1346
1198
1347
1199
1348
1349
1201
1350
1202
1351
1203
1352
1204
1353
1205
1354
1206
1355
1207
1356
1208
1357
1209
1358
1210
1359
1211
1360
1212
1361
1213
1362
1214
1363
1215
1364
1216
1365
1217
1366
1218
1367
1219
1368
1220
1369
1221
1370
1222
1371
1223
1372
1224
1373
1225
1374
1226
1375
1227
1376
1228
1377
1229
1378
1230
1379
1231
1380
1232
1381
1233
1382
1234
1383
1235
1384
1236
1385
1237
1386
1238
1387
1239
1388
1240
1389
1241
1390
1242
1391
1243
1392
1244
1393
1245
1394
1246
1395
1247
1396
1248
1397
1249
1398
1250
1399
1251
1400
1252
1401
1253
1402
1254
1403
1255
1404
1256
1405
1257
1406
1258
1407
1259
1408
1260
1409
1261
1410
1262
1411
1263
1412
1264
1413
1265
1414
1266
1415
1267
1416
1268
1417
1269
1418
1270
1419
1271
1420
1272
1421
1273
1422
1274
1423
1275
1424
1276
1425
1277
1426
1278
1427
1279
1428
1280
1429
1281
1430
1282
1431
1283
1432
1284
1433
1285
1434
1286
1435
1287
1436
1288
1437
1289
1438
1290
1439
1291
1440
1292
1441
1293
1442
1294
1443
1295
1444
1296
1445
1297
1446
1298
1447
1299
1448
1300
1449
1301
1450
1302
1451
1303
1452
1304
1453
1305
1454
1306
1455
1307
1456
1308
1457
1309
1458
1310
1459
1311
1460
1312
1461
1313
1462
1314
1463
1315
1464
1316
1465
1317
1466
1318
1467
1319
1468
1320
1469
1321
1470
1322
1471
1323
1472
1324
1473
1325
1474
1326
1475
1327
1476
1328
1477
1329
1478
1330
1479
1331
1480
1332
1481
1333
1482
1334
1483
1335
1484
1336
1485
1337
1486
1338
1487
1339
1488
1340
1489
1341
1490
1342
1491
1343
1492
1344
1493
1345
1494
1346
1495
1347
1496
1348
1497
1349
1498
1499
1351
1500
1352
1501
1353
1502
1354
1503
1355
1504
1356
1505
1357
1506
1358
1507
1359
1508
1360
1509
1361
1510
1362
1511
1363
1512
1364
1513
1365
1514
1366
1515
1367
1516
1368
1517
1369
1518
1370
1519
1371
1520
1372
1521
1373
1522
1374
1523
1375
1524
1376
1525
1377
1526
1378
1527
1379
1528
1380
1529
1381
1530
1382
1531
1383
1532
1384
1533
1385
1534
1386
1535
1387
1536
1388
1537
1389
1538
1390
1539
1391
1540
1392
1541
1393
1542
1394
1543
1395
1544
1396
1545
1397
1546
1398
1547
1399
1548
1400
1549
1401
1550
1402
1551
1403
1552
1404
1553
1405
1554
1406
1555
1407
1556
1408
1557
1409
1558
1410
1559
1411
1560
1412
1561
1413
1562
1414
1563
1415
1564
1416
1565
1417
1566
1418
1567
1419
1568
1420
1569
1421
1570
1422
1571
1423
1572
1424
1573
1425
1574
1426
1575
1427
1576
1428
1577
1429
1578
1430
1579
1431
1580
1432
1581
1433
1582
1434
1583
1435
1584
1436
1585
1437
1586
1438
1587
1439
1588
1440
1589
1441
1590
1442
1591
1443
1592
1444
1593
1445
1594
1446
1595
1447
1596
1448
1597
1449
1598
1450
1599
1451
1600
1452
1601
1453
1602
1454
1603
1455
1604
1456
1605
1457
1606
1458
1607
1459
1608
1460
1609
1461
1610
1462
1611
1463
1612
1464
1613
1465
1614
1466
1615
1467
1616
1468
1617
1469
1618
1470
1619
1471
1620
1472
1621
1473
1622
1474
1623
1475
1624
1476
1625
1477
1626
1478
1627
1479
1628
1480
1629
1481
1630
1482
1631
1483
1632
1484
1633
1485
1634
1486
1635
1487
1636
1488
1637
1489
1638
1490
1639
1491
1640
1492
1641
1493
1642
1494
1643
1495
1644
1496
1645
1497
1646
1498
1647
1499
1648
1649
1501
1650
1502
1651
1503
1652
1504
1653
1505
1654
1506
1655
1507
1656
1508
1657
1509
1658
1510
1659
1511
1660
1512
1661
1513
1662
1514
1663
1515
1664
1516
1665
1517
1666
1518
1667
1519
1668
1520
1669
1521
1670
1522
1671
1523
1672
1524
1673
1525
1674
1526
1675
1527
1676
1528
1677
1529
1678
1530
1679
1531
1680
1532
1681
1533
1682
1534
1683
1535
1684
1536
1685
1537
1686
1538
1687
1539
1688
1540
1689
1541
1690
1542
1691
1543
1692
1544
1693
1545
1694
1546
1695
1547
1696
1548
1697
1549
1698
1550
1699
1551
1700
1552
1701
1553
1702
1554
1703
1555
1704
1556
1705
1557
1706
1558
1707
1559
1708
1560
1709
1561
1710
1562
1711
1563
1712
1564
1713
1565
1714
1566
1715
1567
1716
1568
1717
1569
1718
1570
1719
1571
1720
1572
1721
1573
1722
1574
1723
1575
1724
1576
1725
1577
1726
1578
1727
1579
1728
1580
1729
1581
1730
1582
1731
1583
1732
1584
1733
1585
1734
1586
1735
1587
1736
1588
1737
1589
1738
1590
1739
1591
1740
1592
1741
1593
1742
1594
1743
1595
1744
1596
1745
1597
1746
1598
1747
1599
1748
1600
1749
1601
1750
1602
1751
1603
1752
1604
1753
1605
1754
1606
1755
1607
1756
1608
1757
1609
1758
1610
1759
1611
1760
1612
1761
1613
1762
1614
1763
1615
1764
1616
1765
1617
1766
1618
1767
1619
1768
1620
1769
1621
1770
1622
1771
1623
1772
1624
1773
1625
1774
1626
1775
1627
1776
1628
1777
1629
1778
1630
1779
1631
1780
1632
1781
1633
1782
1634
1783
1635
1784
1636
1785
1637
1786
1638
1787
1639
1788
1640
1789
1641
1790
1642
1791
1643
1792
1644
1793
1645
1794
1646
1795
1647
1796
1648
1797
1649
1798
1799
1651
1800
1652
1801
1653
1802
1654
1803
1655
1804
1656
1805
1657
1806
1658
1807
1659
1808
1660
1809
1661
1810
1662
1811
1663
1812
1664
1813
1665
1814
1666
1815
1667
1816
1668
1817
1669
1818
1670
1819
1671
1820
1672
1821
1673
1822
1674
1823
1675
1824
1676
1825
1677
1826
1678
1827
1679
1828
1680
1829
1681
1830
1682
1831
1683
1832
1684
1833
1685
1834
1686
1835
1687
1836
1688
1837
1689
1838
1690
1839
1691
1840
1692
1841
1693
1842
1694
1843
1695
1844
1696
1845
1697
1846
1698
1847
1699
1848
1700
1849
1701
1850
1702
1851
1703
1852
1704
1853
1705
1854
1706
1855
1707
1856
1708
1857
1709
1858
1710
1859
1711
1860
1712
1861
1713
1862
1714
1863
1715
1864
1716
1865
1717
1866
1718
1867
1719
1868
1720
1869
1721
1870
1722
1871
1723
1872
1724
1873
1725
1874
1726
1875
1727
1876
1728
1877
1729
1878
1730
1879
1731
1880
1732
1881
1733
1882
1734
1883
1735
1884
1736
1885
1737
1886
1738
1887
1739
1888
1740
1889
1741
1890
1742
1891
1743
1892
1744
1893
1745
1894
1746
1895
1747
1896
1748
1897
1749
1898
1750
1899
1751
1900
1752
1901
1753
1902
1754
1903
1755
1904
1756
1905
1757
1906
1758
1907
1759
1908
1760
1909
1761
1910
1762
1911
1763
1912
1764
1913
1765
1914
1766
1915
1767
1916
1768
1917
1769
1918
1770
1919
1771
1920
1772
1921
1773
1922
1774
1923
1775
1924
1776
1925
1777
1926
1778
1927
1779
1928
1780
1929
1781
1930
1782
1931
1783
1932
1784
1933
1785
1934
1786
1935
1787
1936
1788
1937
1789
1938
1790
1939
1791
1940
1792
1941
1793
1942
1794
1943
1795
1944
1796
1945
1797
1946
1798
1947
1799
1948
1949
1801
1950
1802
1951
1803
1952
1804
1953
1805
1954
1806
1955
1807
1956
1808
1957
1809
1958
1810
1959
1811
1960
1812
1961
1813
1962
1814
1963
1815
1964
1816
1965
1817
1966
1818
1967
1819
1968
1820
1969
1821
1970
1822
1971
1823
1972
1824
1973
1825
1974
1826
1975
1827
1976
1828
1977
1829
1978
1830
1979
1831
1980
1832
1981
1833
1982
1834
1983
1835
1984
1836
1985
1837
1986
1838
1987
1839
1988
1840
1989
1841
1990
1842
1991
1843
1992
1844
1993
1845
1994
1846
1995
1847
1996
1848
1997
1849
1998
1850
1999
1851
2000
1852
2001
1853
2002
1854
2003
1855
2004
1856
2005
1857
2006
1858
2007
1859
2008
1860
2009
1861
2010
1862
2011
1863
2012
1864
2013
1865
2014
1866
2015
1867
2016
1868
2017
1869
2018
1870
2019
1871
2020
1872
2021
1873
2022
1874
2023
1875
2024
1876
2025
1877
2026
1878
2027
1879
2028
1880
2029
1881
2030
1882
2031
1883
2032
1884
2033
1885
2034
1886
2035
1887
2036
1888
2037
1889
2038
1890
2039
1891
2040
1892
2041
1893
2042
1894
2043
1895
2044
1896
2045
1897
2046
1898
2047
1899
2048
1900
2049
1901
2050
1902
2051
1903
2052
1904
2053
1905
2054
1906
2055
1907
2056
1908
2057
1909
2058
1910
2059
1911
2060
1912
2061
1913
2062
1914
2063
1915
2064
1916
2065
1917
2066
1918
2067
1919
2068
1920
2069
1921
2070
1922
2071
1923
2072
1924
2073
1925
2074
1926
2075
1927
2076
1928
2077
1929
2078
1930
2079
1931
2080
1932
2081
1933
2082
1934
2083
1935
2084
1936
2085
1937
2086
1938
2087
1939
2088
1940
2089
1941
2090
1942
2091
1943
2092
1944
2093
1945
2094
1946
2095
1947
2096
1948
2097
1949
2098
2099
1951
2100
1952
2101
1953
2102
1954
2103
1955
2104
1956
2105
1957
2106
1958
2107
1959
2108
1960
2109
1961
2110
1962
2111
1963
2112
1964
2113
1965
2114
1966
2115
1967
2116
1968
2117
1969
2118
1970
2119
1971
2120
1972
2121
1973
2122
1974
2123
1975
2124
1976
2125
1977
2126
1978
2127
1979
2128
1980
2129
1981
2130
1982
2131
1983
2132
1984
2133
1985
2134
1986
2135
1987
2136
1988
2137
1989
2138
1990
2139
1991
2140
1992
2141
1993
2142
1994
2143
1995
2144
1996
2145
1997
2146
1998
2147
1999
2148
2000
2149
2001
2150
2002
2151
2003
2152
2004
2153
2005
2154
2006
2155
2007
2156
2008
2157
2009
2158
2010
2159
2011
2160
2012
2161
2013
2162
2014
2163
2015
2164
2016
2165
2017
2166
2018
2167
2019
2168
2020
2169
2021
2170
2022
2171
2023
2172
2024
2173
2025
2174
2026
2175
2027
2176
2028
2177
2029
2178
2030
2179
2031
2180
2032
2181
2033
2182
2034
2183
2035
2184
2036
2185
2037
2186
2038
2187
2039
2188
2040
2189
2041
2190
2042
2191
2043
2192
2044
2193
2045
2194
2046
2195
2047
2196
2048
2197
2049
2198
2050
2199
2051
2200
2052
2201
2053
2202
2054
2203
2055
2204
2056
2205
2057
2206
2058
2207
2059
2208
2060
2209
2061
2210
2062
2211
2063
2212
2064
2213
2065
2214
2066
2215
2067
2216
2068
2217
2069
2218
2070
2219
2071
2220
2072
2221
2073
2222
2074
2223
2075
2224
2076
2225
2077
2226
2078
2227
2079
2228
2080
2229
2081
2230
2082
2231
2083
2232
2084
2233
2085
2234
2086
2235
2087
2236
2088
2237
2089
2238
2090
2239
2091
2240
2092
2241
2093
2242
2094
2243
2095
2244
2096
2245
2097
2246
2098
2247
2099
2248
2249
2101
2250
2102
2251
2103
2252
2104
2253
2105
2254
2106
2255
2107
2256
2108
2257
2109
2258
2110
2259
2111
2260
2112
2261
2113
2262
2114
2263
2115
2264
2116
2265
2117
2266
2118
2267
2119
2268
2120
2269
2121
2270
2122
2271
2123
2272
2124
2273
2125
2274
2126
2275
2127
2276
2128
2277
2129
2278
2130
2279
2131
2280
2132
2281
2133
2282
2134
2283
2135
2284
2136
2285
2137
2286
2138
2287
2139
2288
2140
2289
2141
2290
2142
2291
2143
2292
2144
2293
2145
2294
2146
2295
2147
2296
2148
2297
2149
2298
2150
2299
2151
2300
2152
2301
2153
2302
2154
2303
2155
2304
2156
2305
2157
2306
2158
2307
2159
2308
2160
2309
2161
2310
2162
2311
2163
2312
2164
2313
2165
2314
2166
2315
2167
2316
2168
2317
2169
2318
2170
2319
2171
2320
2172
2321
2173
2322
2174
2323
2175
2324
2176
2325
2177
2326
2178
2327
2179
2328
2180
2329
2181
2330
2182
2331
2183
2332
2184
2333
2185
2334
2186
2335
2187
2336
2188
2337
2189
2338
2190
2339
2191
2340
2192
2341
2193
2342
2194
2343
2195
2344
2196
2345
2197
2346
2198
2347
2199
2348
2200
2349
2201
2350
2202
2351
2203
2352
2204
2353
2205
2354
2206
2355
2207
2356
2208
2357
2209
2358
2210
2359
2211
2360
2212
2361
2213
2362
2214
2363
2215
2364
2216
2365
2217
2366
2218
2367
2219
2368
2220
2369
2221
2370
2222
2371
2223
2372
2224
2373
2225
2374
2226
2375
2227
2376
2228
2377
2229
2378
2230
2379
2231
2380
2232
2381
2233
2382
2234
2383
2235
2384
2236
2385
2237
2386
2238
2387
2239
2388
2240
2389
2241
2390
2242
2391
2243
2392
2244
2393
2245
2394
2246
2395
2247
2396
2248
2397
2249
2398
2399
2251
2400
2252
2401
2253
2402
2254
2403
2255
2404
2256
2405
2257
2406
2258
2407
2259
2408
2260
2409
2261
2410
2262
2411
2263
2412
2264
2413
2265
2414
2266
2415
2267
2416
2268
2417
2269
2418
2270
2419
2271
2420
2272
2421
2273
2422
2274
2423
2275
2424
2276
2425
2277
2426
2278
2427
2279
2428
2280
2429
2281
2430
2282
2431
2283
2432
2284
2433
2285
2434
2286
2435
2287
2436
2288
2437
2289
2438
2290
2439
2291
2440
2292
2441
2293
2442
2294
2443
2295
2444
2296
2445
2297
2446
2298
2447
2299
2448
2300
2449
2301
2450
2302
2451
2303
2452
2304
2453
2305
2454
2306
2455
2307
2456
2308
2457
2309
2458
2310
2459
2311
2460
2312
2461
2313
2462
2314
2463
2315
2464
2316
2465
2317
2466
2318
2467
2319
2468
2320
2469
2321
2470
2322
2471
2323
2472
2324
2473
2325
2474
2326
2475
2327
2476
2328
2477
2329
2478
2330
2479
2331
2480
2332
2481
2333
2482
2334
2483
2335
2484
2336
2485
2337
2486
2338
2487
2339
2488
2340
2489
2341
2490
2342
2491
2343
2492
2344
2493
2345
2494
2346
2495
2347
2496
2348
2497
2349
2498
2350
2499
2351
2500
2352
2501
2353
2502
2354
2503
2355
2504
2356
2505
2357
2506
2358
2507
2359
2508
2360
2509
2361
2510
2362
2511
2363
2512
2364
2513
2365
2514
2366
2515
2367
2516
2368
2517
2369
2518
2370
2519
2371
2520
2372
2521
2373
2522
2374
2523
2375
2524
2376
2525
2377
2526
2378
2527
2379
2528
2380
2529
2381
2530
2382
2531
2383
2532
2384
2533
2385
2534
2386
2535
2387
2536
2388
2537
2389
2538
2390
2539
2391
2540
2392
2541
2393
2542
2394
2543
2395
2544
2396
2545
2397
2546
2398
2547
2399
2548
2549
2401
2550
2402
2551
2403
2552
2404
2553
2405
2554
2406
2555
2407
2556
2408
2557
2409
2558
2410
2559
2411
2560
2412
2561
2413
2562
2414
2563
2415
2564
2416
2565
2417
2566
2418
2567
2419
2568
2420
2569
2421
2570
2422
2571
2423
2572
2424
2573
2425
2574
2426
2575
2427
2576
2428
2577
2429
2578
2430
2579
2431
2580
2432
2581
2433
2582
2434
2583
2435
2584
2436
2585
2437
2586
2438
2587
2439
2588
2440
2589
2441
2590
2442
2591
2443
2592
2444
2593
2445
2594
2446
2595
2447
2596
2448
2597
2449
2598
2450
2599
2451
2600
2452
2601
2453
2602
2454
2603
2455
2604
2456
2605
2457
2606
2458
2607
2459
2608
2460
2609
2461
2610
2462
2611
2463
2612
2464
2613
2465
2614
2466
2615
2467
2616
2468
2617
2469
2618
2470
2619
2471
2620
2472
2621
2473
2622
2474
2623
2475
2624
2476
2625
2477
2626
2478
2627
2479
2628
2480
2629
2481
2630
2482
2631
2483
2632
2484
2633
2485
2634
2486
2635
2487
2636
2488
2637
2489
2638
2490
2639
2491
2640
2492
2641
2493
2642
2494
2643
2495
2644
2496
2645
2497
2646
2498
2647
2499
2648
2500
2649
2501
2650
2502
2651
2503
2652
2504
2653
2505
2654
2506
2655
2507
2656
2508
2657
2509
2658
2510
2659
2511
2660
2512
2661
2513
2662
2514
2663
2515
2664
2516
2665
2517
2666
2518
2667
2519
2668
2520
2669
2521
2670
2522
2671
2523
2672
2524
2673
2525
2674
2526
2675
2527
2676
2528
2677
2529
2678
2530
2679
2531
2680
2532
2681
2533
2682
2534
2683
2535
2684
2536
2685
2537
2686
2538
2687
2539
2688
2540
2689
2541
2690
2542
2691
2543
2692
2544
2693
2545
2694
2546
2695
2547
2696
2548
2697
2549
2698
2699
2551
2700
2552
2701
2553
2702
2554
2703
2555
2704
2556
2705
2557
2706
2558
2707
2559
2708
2560
2709
2561
2710
2562
2711
2563
2712
2564
2713
2565
2714
2566
2715
2567
2716
2568
2717
2569
2718
2570
2719
2571
2720
2572
2721
2573
2722
2574
2723
2575
2724
2576
2725
2577
2726
2578
2727
2579
2728
2580
2729
2581
2730
2582
2731
2583
2732
2584
2733
2585
2734
2586
2735
2587
2736
2588
2737
2589
2738
2590
2739
2591
2740
2592
2741
2593
2742
2594
2743
2595
2744
2596
2745
2597
2746
2598
2747
2599
2748
2600
2749
2601
2750
2602
2751
2603
2752
2604
2753
2605
2754
2606
2755
2607
2756
2608
2757
2609
2758
2610
2759
2611
2760
2612
2761
2613
2762
2614
2763
2615
2764
2616
2765
2617
2766
2618
2767
2619
2768
2620
2769
2621
2770
2622
2771
2623
2772
2624
2773
2625
2774
2626
2775
2627
2776
2628
2777
2629
2778
2630
2779
2631
2780
2632
2781
2633
2782
2634
2783
2635
2784
2636
2785
2637
2786
2638
2787
2639
2788
2640
2789
2641
2790
2642
2791
2643
2792
2644
2793
2645
2794
2646
2795
2647
2796
2648
2797
2649
2798
2650
2799
2651
2800
2652
2801
2653
2802
2654
2803
2655
2804
2656
2805
2657
2806
2658
2807
2659
2808
2660
2809
2661
2810
2662
2811
2663
2812
2664
2813
2665
2814
2666
2815
2667
2816
2668
2817
2669
2818
2670
2819
2671
2820
2672
2821
2673
2822
2674
2823
2675
2824
2676
2825
2677
2826
2678
2827
2679
2828
2680
2829
2681
2830
2682
2831
2683
2832
2684
2833
2685
2834
2686
2835
2687
2836
2688
2837
2689
2838
2690
2839
2691
2840
2692
2841
2693
2842
2694
2843
2695
2844
2696
2845
2697
2846
2698
2847
2699
2848
2849
2701
2850
2702
2851
2703
2852
2704
2853
2705
2854
2706
2855
2707
2856
2708
2857
2709
2858
2710
2859
2711
2860
2712
2861
2713
2862
2714
2863
2715
2864
2716
2865
2717
2866
2718
2867
2719
2868
2720
2869
2721
2870
2722
2871
2723
2872
2724
2873
2725
2874
2726
2875
2727
2876
2728
2877
2729
2878
2730
2879
2731
2880
2732
2881
2733
2882
2734
2883
2735
2884
2736
2885
2737
2886
2738
2887
2739
2888
2740
2889
2741
2890
2742
2891
2743
2892
2744
2893
2745
2894
2746
2895
2747
2896
2748
2897
2749
2898
2750
2899
2751
2900
2752
2901
2753
2902
2754
2903
2755
2904
2756
2905
2757
2906
2758
2907
2759
2908
2760
2909
2761
2910
2762
2911
2763
2912
2764
2913
2765
2914
2766
2915
2767
2916
2768
2917
2769
2918
2770
2919
2771
2920
2772
2921
2773
2922
2774
2923
2775
2924
2776
2925
2777
2926
2778
2927
2779
2928
2780
2929
2781
2930
2782
2931
2783
2932
2784
2933
2785
2934
2786
2935
2787
2936
2788
2937
2789
2938
2790
2939
2791
2940
2792
2941
2793
2942
2794
2943
2795
2944
2796
2945
2797
2946
2798
2947
2799
2948
2800
2949
2801
2950
2802
2951
2803
2952
2804
2953
2805
2954
2806
2955
2807
2956
2808
2957
2809
2958
2810
2959
2811
2960
2812
2961
2813
2962
2814
2963
2815
2964
2816
2965
2817
2966
2818
2967
2819
2968
2820
2969
2821
2970
2822
2971
2823
2972
2824
2973
2825
2974
2826
2975
2827
2976
2828
2977
2829
2978
2830
2979
2831
2980
2832
2981
2833
2982
2834
2983
2835
2984
2836
2985
2837
2986
2838
2987
2839
2988
2840
2989
2841
2990
2842
2991
2843
2992
2844
2993
2845
2994
2846
2995
2847
2996
2848
2997
2849
2998
2999
2851
3000
2852
3001
2853
3002
2854
3003
2855
3004
2856
3005
2857
3006
2858
3007
2859
3008
2860
3009
2861
3010
2862
3011
2863
3012
2864
3013
2865
3014
2866
3015
2867
3016
2868
3017
2869
3018
2870
3019
2871
3020
2872
3021
2873
3022
2874
3023
2875
3024
2876
3025
2877
3026
2878
3027
2879
3028
2880
3029
2881
3030
2882
3031
2883
3032
2884
3033
2885
3034
2886
3035
2887
3036
2888
3037
2889
3038
2890
3039
2891
3040
2892
3041
2893
3042
2894
3043
2895
3044
2896
3045
2897
3046
2898
3047
2899
3048
2900
3049
2901
3050
2902
3051
2903
3052
2904
3053
2905
3054
2906
3055
2907
3056
2908
3057
2909
3058
2910
3059
2911
3060
2912
3061
2913
3062
2914
3063
2915
3064
2916
3065
2917
3066
2918
3067
2919
3068
2920
3069
2921
3070
2922
3071
2923
3072
2924
3073
2925
3074
2926
3075
2927
3076
2928
3077
2929
3078
2930
3079
2931
3080
2932
3081
2933
3082
2934
3083
2935
3084
2936
3085
2937
3086
2938
3087
2939
3088
2940
3089
2941
3090
2942
3091
2943
3092
2944
3093
2945
3094
2946
3095
2947
3096
2948
3097
2949
3098
2950
3099
2951
3100
2952
3101
2953
3102
2954
3103
2955
3104
2956
3105
2957
3106
2958
3107
2959
3108
2960
3109
2961
3110
2962
3111
2963
3112
2964
3113
2965
3114
2966
3115
2967
3116
2968
3117
2969
3118
2970
3119
2971
3120
2972
3121
2973
3122
2974
3123
2975
3124
2976
3125
2977
3126
2978
3127
2979
3128
2980
3129
2981
3130
2982
3131
2983
3132
2984
3133
2985
3134
2986
3135
2987
3136
2988
3137
2989
3138
2990
3139
2991
3140
2992
3141
2993
3142
2994
3143
2995
3144
2996
3145
2997
3146
2998
3147
2999
3148
3149
3001
3150
3002
3151
3003
3152
3004
3153
3005
3154
3006
3155
3007
3156
3008
3157
3009
3158
3010
3159
3011
3160
3012
3161
3013
3162
3014
3163
3015
3164
3016
3165
3017
3166
3018
3167
3019
3168
3020
3169
3021
3170
3022
3171
3023
3172
3024
3173
3025
3174
3026
3175
3027
3176
3028
3177
3029
3178
3030
3179
3031
3180
3032
3181
3033
3182
3034
3183
3035
3184
3036
3185
3037
3186
3038
3187
3039
3188
3040
3189
3041
3190
3042
3191
3043
3192
3044
3193
3045
3194
3046
3195
3047
3196
3048
3197
3049
3198
3050
3199
3051
3200
3052
3201
3053
3202
3054
3203
3055
3204
3056
3205
3057
3206
3058
3207
3059
3208
3060
3209
3061
3210
3062
3211
3063
3212
3064
3213
3065
3214
3066
3215
3067
3216
3068
3217
3069
3218
3070
3219
3071
3220
3072
3221
3073
3222
3074
3223
3075
3224
3076
3225
3077
3226
3078
3227
3079
3228
3080
3229
3081
3230
3082
3231
3083
3232
3084
3233
3085
3234
3086
3235
3087
3236
3088
3237
3089
3238
3090
3239
3091
3240
3092
3241
3093
3242
3094
3243
3095
3244
3096
3245
3097
3246
3098
3247
3099
3248
3100
3249
3101
3250
3102
3251
3103
3252
3104
3253
3105
3254
3106
3255
3107
3256
3108
3257
3109
3258
3110
3259
3111
3260
3112
3261
3113
3262
3114
3263
3115
3264
3116
3265
3117
3266
3118
3267
3119
3268
3120
3269
3121
3270
3122
3271
3123
3272
3124
3273
3125
3274
3126
3275
3127
3276
3128
3277
3129
3278
3130
3279
3131
3280
3132
3281
3133
3282
3134
3283
3135
3284
3136
3285
3137
3286
3138
3287
3139
3288
3140
3289
3141
3290
3142
3291
3143
3292
3144
3293
3145
3294
3146
3295
3147
3296
3148
3297
3149
3298
3299
3151
3300
3152
3301
3153
3302
3154
3303
3155
3304
3156
3305
3157
3306
3158
3307
3159
3308
3160
3309
3161
3310
3162
3311
3163
3312
3164
3313
3165
3314
3166
3315
3167
3316
3168
3317
3169
3318
3170
3319
3171
3320
3172
3321
3173
3322
3174
3323
3175
3324
3176
3325
3177
3326
3178
3327
3179
3328
3180
3329
3181
3330
3182
3331
3183
3332
3184
3333
3185
3334
3186
3335
3187
3336
3188
3337
3189
3338
3190
3339
3191
3340
3192
3341
3193
3342
3194
3343
3195
3344
3196
3345
3197
3346
3198
3347
3199
3348
3200
3349
3201
3350
3202
3351
3203
3352
3204
3353
3205
3354
3206
3355
3207
3356
3208
3357
3209
3358
3210
3359
3211
3360
3212
3361
3213
3362
3214
3363
3215
3364
3216
3365
3217
3366
3218
3367
3219
3368
3220
3369
3221
3370
3222
3371
3223
3372
3224
3373
3225
3374
3226
3375
3227
3376
3228
3377
3229
3378
3230
3379
3231
3380
3232
3381
3233
3382
3234
3383
3235
3384
3236
3385
3237
3386
3238
3387
3239
3388
3240
3389
3241
3390
3242
3391
3243
3392
3244
3393
3245
3394
3246
3395
3247
3396
3248
3397
3249
3398
3250
3399
3251
3400
3252
3401
3253
3402
3254
3403
3255
3404
3256
3405
3257
3406
3258
3407
3259
3408
3260
3409
3261
3410
3262
3411
3263
3412
3264
3413
3265
3414
3266
3415
3267
3416
3268
3417
3269
3418
3270
3419
3271
3420
3272
3421
3273
3422
3274
3423
3275
3424
3276
3425
3277
3426
3278
3427
3279
3428
3280
3429
3281
3430
3282
3431
3283
3432
3284
3433
3285
3434
3286
3435
3287
3436
3288
3437
3289
3438
3290
3439
3291
3440
3292
3441
3293
3442
3294
3443
3295
3444
3296
3445
3297
3446
3298
3447
3299
3448
3449
3301
3450
3302
3451
3303
3452
3304
3453
3305
3454
3306
3455
3307
3456
3308
3457
3309
3458
3310
3459
3311
3460
3312
3461
3313
3462
3314
3463
3315
3464
3316
3465
3317
3466
3318
3467
3319
3468
3320
3469
3321
3470
3322
3471
3323
3472
3324
3473
3325
3474
3326
3475
3327
3476
3328
3477
3329
3478
3330
3479
3331
3480
3332
3481
3333
3482
3334
3483
3335
3484
3336
3485
3337
3486
3338
3487
3339
3488
3340
3489
3341
3490
3342
3491
3343
3492
3344
3493
3345
3494
3346
3495
3347
3496
3348
3497
3349
3498
3350
3499
3351
3500
3352
3501
3353
3502
3354
3503
3355
3504
3356
3505
3357
3506
3358
3507
3359
3508
3360
3509
3361
3510
3362
3511
3363
3512
3364
3513
3365
3514
3366
3515
3367
3516
3368
3517
3369
3518
3370
3519
3371
3520
3372
3521
3373
3522
3374
3523
3375
3524
3376
3525
3377
3526
3378
3527
3379
3528
3380
3529
3381
3530
3382
3531
3383
3532
3384
3533
3385
3534
3386
3535
3387
3536
3388
3537
3389
3538
3390
3539
3391
3540
3392
3541
3393
3542
3394
3543
3395
3544
3396
3545
3397
3546
3398
3547
3399
3548
3400
3549
3401
3550
3402
3551
3403
3552
3404
3553
3405
3554
3406
3555
3407
3556
3408
3557
3409
3558
3410
3559
3411
3560
3412
3561
3413
3562
3414
3563
3415
3564
3416
3565
3417
3566
3418
3567
3419
3568
3420
3569
3421
3570
3422
3571
3423
3572
3424
3573
3425
3574
3426
3575
3427
3576
3428
3577
3429
3578
3430
3579
3431
3580
3432
3581
3433
3582
3434
3583
3435
3584
3436
3585
3437
3586
3438
3587
3439
3588
3440
3589
3441
3590
3442
3591
3443
3592
3444
3593
3445
3594
3446
3595
3447
3596
3448
3597
3449
3598
3599
3451
3600
3452
3601
3453
3602
3454
3603
3455
3604
3456
3605
3457
3606
3458
3607
3459
3608
3460
3609
3461
3610
3462
3611
3463
3612
3464
3613
3465
3614
3466
3615
3467
3616
3468
3617
3469
3618
3470
3619
3471
3620
3472
3621
3473
3622
3474
3623
3475
3624
3476
3625
3477
3626
3478
3627
3479
3628
3480
3629
3481
3630
3482
3631
3483
3632
3484
3633
3485
3634
3486
3635
3487
3636
3488
3637
3489
3638
3490
3639
3491
3640
3492
3641
3493
3642
3494
3643
3495
3644
3496
3645
3497
3646
3498
3647
3499
3648
3500
3649
3501
3650
3502
3651
3503
3652
3504
3653
3505
3654
3506
3655
3507
3656
3508
3657
3509
3658
3510
3659
3511
3660
3512
3661
3513
3662
3514
3663
3515
3664
3516
3665
3517
3666
3518
3667
3519
3668
3520
3669
3521
3670
3522
3671
3523
3672
3524
3673
3525
3674
3526
3675
3527
3676
3528
3677
3529
3678
3530
3679
3531
3680
3532
3681
3533
3682
3534
3683
3535
3684
3536
3685
3537
3686
3538
3687
3539
3688
3540
3689
3541
3690
3542
3691
3543
3692
3544
3693
3545
3694
3546
3695
3547
3696
3548
3697
3549
3698
3550
3699
3551
3700
3552
3701
3553
3702
3554
3703
3555
3704
3556
3705
3557
3706
3558
3707
3559
3708
3560
3709
3561
3710
3562
3711
3563
3712
3564
3713
3565
3714
3566
3715
3567
3716
3568
3717
3569
3718
3570
3719
3571
3720
3572
3721
3573
3722
3574
3723
3575
3724
3576
3725
3577
3726
3578
3727
3579
3728
3580
3729
3581
3730
3582
3731
3583
3732
3584
3733
3585
3734
3586
3735
3587
3736
3588
3737
3589
3738
3590
3739
3591
3740
3592
3741
3593
3742
3594
3743
3595
3744
3596
3745
3597
3746
3598
3747
3599
3748
3749
3601
3750
3602
3751
3603
3752
3604
3753
3605
3754
3606
3755
3607
3756
3608
3757
3609
3758
3610
3759
3611
3760
3612
3761
3613
3762
3614
3763
3615
3764
3616
3765
3617
3766
3618
3767
3619
3768
3620
3769
3621
3770
3622
3771
3623
3772
3624
3773
3625
3774
3626
3775
3627
3776
3628
3777
3629
3778
3630
3779
3631
3780
3632
3781
3633
3782
3634
3783
3635
3784
3636
3785
3637
3786
3638
3787
3639
3788
3640
3789
3641
3790
3642
3791
3643
3792
3644
3793
3645
3794
3646
3795
3647
3796
3648
3797
3649
3798
3650
3799
3651
3800
3652
3801
3653
3802
3654
3803
3655
3804
3656
3805
3657
3806
3658
3807
3659
3808
3660
3809
3661
3810
3662
3811
3663
3812
3664
3813
3665
3814
3666
3815
3667
3816
3668
3817
3669
3818
3670
3819
3671
3820
3672
3821
3673
3822
3674
3823
3675
3824
3676
3825
3677
3826
3678
3827
3679
3828
3680
3829
3681
3830
3682
3831
3683
3832
3684
3833
3685
3834
3686
3835
3687
3836
3688
3837
3689
3838
3690
3839
3691
3840
3692
3841
3693
3842
3694
3843
3695
3844
3696
3845
3697
3846
3698
3847
3699
3848
3700
3849
3701
3850
3702
3851
3703
3852
3704
3853
3705
3854
3706
3855
3707
3856
3708
3857
3709
3858
3710
3859
3711
3860
3712
3861
3713
3862
3714
3863
3715
3864
3716
3865
3717
3866
3718
3867
3719
3868
3720
3869
3721
3870
3722
3871
3723
3872
3724
3873
3725
3874
3726
3875
3727
3876
3728
3877
3729
3878
3730
3879
3731
3880
3732
3881
3733
3882
3734
3883
3735
3884
3736
3885
3737
3886
3738
3887
3739
3888
3740
3889
3741
3890
3742
3891
3743
3892
3744
3893
3745
3894
3746
3895
3747
3896
3748
3897
3749
3898
3899
3751
3900
3752
3901
3753
3902
3754
3903
3755
3904
3756
3905
3757
3906
3758
3907
3759
3908
3760
3909
3761
3910
3762
3911
3763
3912
3764
3913
3765
3914
3766
3915
3767
3916
3768
3917
3769
3918
3770
3919
3771
3920
3772
3921
3773
3922
3774
3923
3775
3924
3776
3925
3777
3926
3778
3927
3779
3928
3780
3929
3781
3930
3782
3931
3783
3932
3784
3933
3785
3934
3786
3935
3787
3936
3788
3937
3789
3938
3790
3939
3791
3940
3792
3941
3793
3942
3794
3943
3795
3944
3796
3945
3797
3946
3798
3947
3799
3948
3800
3949
3801
3950
3802
3951
3803
3952
3804
3953
3805
3954
3806
3955
3807
3956
3808
3957
3809
3958
3810
3959
3811
3960
3812
3961
3813
3962
3814
3963
3815
3964
3816
3965
3817
3966
3818
3967
3819
3968
3820
3969
3821
3970
3822
3971
3823
3972
3824
3973
3825
3974
3826
3975
3827
3976
3828
3977
3829
3978
3830
3979
3831
3980
3832
3981
3833
3982
3834
3983
3835
3984
3836
3985
3837
3986
3838
3987
3839
3988
3840
3989
3841
3990
3842
3991
3843
3992
3844
3993
3845
3994
3846
3995
3847
3996
3848
3997
3849
3998
3850
3999
3851
4000
3852
4001
3853
4002
3854
4003
3855
4004
3856
4005
3857
4006
3858
4007
3859
4008
3860
4009
3861
4010
3862
4011
3863
4012
3864
4013
3865
4014
3866
4015
3867
4016
3868
4017
3869
4018
3870
4019
3871
4020
3872
4021
3873
4022
3874
4023
3875
4024
3876
4025
3877
4026
3878
4027
3879
4028
3880
4029
3881
4030
3882
4031
3883
4032
3884
4033
3885
4034
3886
4035
3887
4036
3888
4037
3889
4038
3890
4039
3891
4040
3892
4041
3893
4042
3894
4043
3895
4044
3896
4045
3897
4046
3898
4047
3899
4048
4049
3901
4050
3902
4051
3903
4052
3904
4053
3905
4054
3906
4055
3907
4056
3908
4057
3909
4058
3910
4059
3911
4060
3912
4061
3913
4062
3914
4063
3915
4064
3916
4065
3917
4066
3918
4067
3919
4068
3920
4069
3921
4070
3922
4071
3923
4072
3924
4073
3925
4074
3926
4075
3927
4076
3928
4077
3929
4078
3930
4079
3931
4080
3932
4081
3933
4082
3934
4083
3935
4084
3936
4085
3937
4086
3938
4087
3939
4088
3940
4089
3941
4090
3942
4091
3943
4092
3944
4093
3945
4094
3946
4095
3947
4096
3948
4097
3949
4098
3950
4099
3951
4100
3952
4101
3953
4102
3954
4103
3955
4104
3956
4105
3957
4106
3958
4107
3959
4108
3960
4109
3961
4110
3962
4111
3963
4112
3964
4113
3965
4114
3966
4115
3967
4116
3968
4117
3969
4118
3970
4119
3971
4120
3972
4121
3973
4122
3974
4123
3975
4124
3976
4125
3977
4126
3978
4127
3979
4128
3980
4129
3981
4130
3982
4131
3983
4132
3984
4133
3985
4134
3986
4135
3987
4136
3988
4137
3989
4138
3990
4139
3991
4140
3992
4141
3993
4142
3994
4143
3995
4144
3996
4145
3997
4146
3998
4147
3999
4148
4000
4149
4001
4150
4002
4151
4003
4152
4004
4153
4005
4154
4006
4155
4007
4156
4008
4157
4009
4158
4010
4159
4011
4160
4012
4161
4013
4162
4014
4163
4015
4164
4016
4165
4017
4166
4018
4167
4019
4168
4020
4169
4021
4170
4022
4171
4023
4172
4024
4173
4025
4174
4026
4175
4027
4176
4028
4177
4029
4178
4030
4179
4031
4180
4032
4181
4033
4182
4034
4183
4035
4184
4036
4185
4037
4186
4038
4187
4039
4188
4040
4189
4041
4190
4042
4191
4043
4192
4044
4193
4045
4194
4046
4195
4047
4196
4048
4197
4049
4198
4199
4051
4200
4052
4201
4053
4202
4054
4203
4055
4204
4056
4205
4057
4206
4058
4207
4059
4208
4060
4209
4061
4210
4062
4211
4063
4212
4064
4213
4065
4214
4066
4215
4067
4216
4068
4217
4069
4218
4070
4219
4071
4220
4072
4221
4073
4222
4074
4223
4075
4224
4076
4225
4077
4226
4078
4227
4079
4228
4080
4229
4081
4230
4082
4231
4083
4232
4084
4233
4085
4234
4086
4235
4087
4236
4088
4237
4089
4238
4090
4239
4091
4240
4092
4241
4093
4242
4094
4243
4095
4244
4096
4245
4097
4246
4098
4247
4099
4248
4100
4249
4101
4250
4102
4251
4103
4252
4104
4253
4105
4254
4106
4255
4107
4256
4108
4257
4109
4258
4110
4259
4111
4260
4112
4261
4113
4262
4114
4263
4115
4264
4116
4265
4117
4266
4118
4267
4119
4268
4120
4269
4121
4270
4122
4271
4123
4272
4124
4273
4125
4274
4126
4275
4127
4276
4128
4277
4129
4278
4130
4279
4131
4280
4132
4281
4133
4282
4134
4283
4135
4284
4136
4285
4137
4286
4138
4287
4139
4288
4140
4289
4141
4290
4142
4291
4143
4292
4144
4293
4145
4294
4146
4295
4147
4296
4148
4297
4149
4298
4150
4299
4151
4300
4152
4301
4153
4302
4154
4303
4155
4304
4156
4305
4157
4306
4158
4307
4159
4308
4160
4309
4161
4310
4162
4311
4163
4312
4164
4313
4165
4314
4166
4315
4167
4316
4168
4317
4169
4318
4170
4319
4171
4320
4172
4321
4173
4322
4174
4323
4175
4324
4176
4325
4177
4326
4178
4327
4179
4328
4180
4329
4181
4330
4182
4331
4183
4332
4184
4333
4185
4334
4186
4335
4187
4336
4188
4337
4189
4338
4190
4339
4191
4340
4192
4341
4193
4342
4194
4343
4195
4344
4196
4345
4197
4346
4198
4347
4199
4348
4349
4201
4350
4202
4351
4203
4352
4204
4353
4205
4354
4206
4355
4207
4356
4208
4357
4209
4358
4210
4359
4211
4360
4212
4361
4213
4362
4214
4363
4215
4364
4216
4365
4217
4366
4218
4367
4219
4368
4220
4369
4221
4370
4222
4371
4223
4372
4224
4373
4225
4374
4226
4375
4227
4376
4228
4377
4229
4378
4230
4379
4231
4380
4232
4381
4233
4382
4234
4383
4235
4384
4236
4385
4237
4386
4238
4387
4239
4388
4240
4389
4241
4390
4242
4391
4243
4392
4244
4393
4245
4394
4246
4395
4247
4396
4248
4397
4249
4398
4250
4399
4251
4400
4252
4401
4253
4402
4254
4403
4255
4404
4256
4405
4257
4406
4258
4407
4259
4408
4260
4409
4261
4410
4262
4411
4263
4412
4264
4413
4265
4414
4266
4415
4267
4416
4268
4417
4269
4418
4270
4419
4271
4420
4272
4421
4273
4422
4274
4423
4275
4424
4276
4425
4277
4426
4278
4427
4279
4428
4280
4429
4281
4430
4282
4431
4283
4432
4284
4433
4285
4434
4286
4435
4287
4436
4288
4437
4289
4438
4290
4439
4291
4440
4292
4441
4293
4442
4294
4443
4295
4444
4296
4445
4297
4446
4298
4447
4299
4448
4300
4449
4301
4450
4302
4451
4303
4452
4304
4453
4305
4454
4306
4455
4307
4456
4308
4457
4309
4458
4310
4459
4311
4460
4312
4461
4313
4462
4314
4463
4315
4464
4316
4465
4317
4466
4318
4467
4319
4468
4320
4469
4321
4470
4322
4471
4323
4472
4324
4473
4325
4474
4326
4475
4327
4476
4328
4477
4329
4478
4330
4479
4331
4480
4332
4481
4333
4482
4334
4483
4335
4484
4336
4485
4337
4486
4338
4487
4339
4488
4340
4489
4341
4490
4342
4491
4343
4492
4344
4493
4345
4494
4346
4495
4347
4496
4348
4497
4349
4498
4499
4351
4500
4352
4501
4353
4502
4354
4503
4355
4504
4356
4505
4357
4506
4358
4507
4359
4508
4360
4509
4361
4510
4362
4511
4363
4512
4364
4513
4365
4514
4366
4515
4367
4516
4368
4517
4369
4518
4370
4519
4371
4520
4372
4521
4373
4522
4374
4523
4375
4524
4376
4525
4377
4526
4378
4527
4379
4528
4380
4529
4381
4530
4382
4531
4383
4532
4384
4533
4385
4534
4386
4535
4387
4536
4388
4537
4389
4538
4390
4539
4391
4540
4392
4541
4393
4542
4394
4543
4395
4544
4396
4545
4397
4546
4398
4547
4399
4548
4400
4549
4401
4550
4402
4551
4403
4552
4404
4553
4405
4554
4406
4555
4407
4556
4408
4557
4409
4558
4410
4559
4411
4560
4412
4561
4413
4562
4414
4563
4415
4564
4416
4565
4417
4566
4418
4567
4419
4568
4420
4569
4421
4570
4422
4571
4423
4572
4424
4573
4425
4574
4426
4575
4427
4576
4428
4577
4429
4578
4430
4579
4431
4580
4432
4581
4433
4582
4434
4583
4435
4584
4436
4585
4437
4586
4438
4587
4439
4588
4440
4589
4441
4590
4442
4591
4443
4592
4444
4593
4445
4594
4446
4595
4447
4596
4448
4597
4449
4598
4450
4599
4451
4600
4452
4601
4453
4602
4454
4603
4455
4604
4456
4605
4457
4606
4458
4607
4459
4608
4460
4609
4461
4610
4462
4611
4463
4612
4464
4613
4465
4614
4466
4615
4467
4616
4468
4617
4469
4618
4470
4619
4471
4620
4472
4621
4473
4622
4474
4623
4475
4624
4476
4625
4477
4626
4478
4627
4479
4628
4480
4629
4481
4630
4482
4631
4483
4632
4484
4633
4485
4634
4486
4635
4487
4636
4488
4637
4489
4638
4490
4639
4491
4640
4492
4641
4493
4642
4494
4643
4495
4644
4496
4645
4497
4646
4498
4647
4499
4648
4649
4501
4650
4502
4651
4503
4652
4504
4653
4505
4654
4506
4655
4507
4656
4508
4657
4509
4658
4510
4659
4511
4660
4512
4661
4513
4662
4514
4663
4515
4664
4516
4665
4517
4666
4518
4667
4519
4668
4520
4669
4521
4670
4522
4671
4523
4672
4524
4673
4525
4674
4526
4675
4527
4676
4528
4677
4529
4678
4530
4679
4531
4680
4532
4681
4533
4682
4534
4683
4535
4684
4536
4685
4537
4686
4538
4687
4539
4688
4540
4689
4541
4690
4542
4691
4543
4692
4544
4693
4545
4694
4546
4695
4547
4696
4548
4697
4549
4698
4550
4699
4551
4700
4552
4701
4553
4702
4554
4703
4555
4704
4556
4705
4557
4706
4558
4707
4559
4708
4560
4709
4561
4710
4562
4711
4563
4712
4564
4713
4565
4714
4566
4715
4567
4716
4568
4717
4569
4718
4570
4719
4571
4720
4572
4721
4573
4722
4574
4723
4575
4724
4576
4725
4577
4726
4578
4727
4579
4728
4580
4729
4581
4730
4582
4731
4583
4732
4584
4733
4585
4734
4586
4735
4587
4736
4588
4737
4589
4738
4590
4739
4591
4740
4592
4741
4593
4742
4594
4743
4595
4744
4596
4745
4597
4746
4598
4747
4599
4748
4600
4749
4601
4750
4602
4751
4603
4752
4604
4753
4605
4754
4606
4755
4607
4756
4608
4757
4609
4758
4610
4759
4611
4760
4612
4761
4613
4762
4614
4763
4615
4764
4616
4765
4617
4766
4618
4767
4619
4768
4620
4769
4621
4770
4622
4771
4623
4772
4624
4773
4625
4774
4626
4775
4627
4776
4628
4777
4629
4778
4630
4779
4631
4780
4632
4781
4633
4782
4634
4783
4635
4784
4636
4785
4637
4786
4638
4787
4639
4788
4640
4789
4641
4790
4642
4791
4643
4792
4644
4793
4645
4794
4646
4795
4647
4796
4648
4797
4649
4798
4799
4651
4800
4652
4801
4653
4802
4654
4803
4655
4804
4656
4805
4657
4806
4658
4807
4659
4808
4660
4809
4661
4810
4662
4811
4663
4812
4664
4813
4665
4814
4666
4815
4667
4816
4668
4817
4669
4818
4670
4819
4671
4820
4672
4821
4673
4822
4674
4823
4675
4824
4676
4825
4677
4826
4678
4827
4679
4828
4680
4829
4681
4830
4682
4831
4683
4832
4684
4833
4685
4834
4686
4835
4687
4836
4688
4837
4689
4838
4690
4839
4691
4840
4692
4841
4693
4842
4694
4843
4695
4844
4696
4845
4697
4846
4698
4847
4699
4848
4700
4849
4701
4850
4702
4851
4703
4852
4704
4853
4705
4854
4706
4855
4707
4856
4708
4857
4709
4858
4710
4859
4711
4860
4712
4861
4713
4862
4714
4863
4715
4864
4716
4865
4717
4866
4718
4867
4719
4868
4720
4869
4721
4870
4722
4871
4723
4872
4724
4873
4725
4874
4726
4875
4727
4876
4728
4877
4729
4878
4730
4879
4731
4880
4732
4881
4733
4882
4734
4883
4735
4884
4736
4885
4737
4886
4738
4887
4739
4888
4740
4889
4741
4890
4742
4891
4743
4892
4744
4893
4745
4894
4746
4895
4747
4896
4748
4897
4749
4898
4750
4899
4751
4900
4752
4901
4753
4902
4754
4903
4755
4904
4756
4905
4757
4906
4758
4907
4759
4908
4760
4909
4761
4910
4762
4911
4763
4912
4764
4913
4765
4914
4766
4915
4767
4916
4768
4917
4769
4918
4770
4919
4771
4920
4772
4921
4773
4922
4774
4923
4775
4924
4776
4925
4777
4926
4778
4927
4779
4928
4780
4929
4781
4930
4782
4931
4783
4932
4784
4933
4785
4934
4786
4935
4787
4936
4788
4937
4789
4938
4790
4939
4791
4940
4792
4941
4793
4942
4794
4943
4795
4944
4796
4945
4797
4946
4798
4947
4799
4948
4949
4801
4950
4802
4951
4803
4952
4804
4953
4805
4954
4806
4955
4807
4956
4808
4957
4809
4958
4810
4959
4811
4960
4812
4961
4813
4962
4814
4963
4815
4964
4816
4965
4817
4966
4818
4967
4819
4968
4820
4969
4821
4970
4822
4971
4823
4972
4824
4973
4825
4974
4826
4975
4827
4976
4828
4977
4829
4978
4830
4979
4831
4980
4832
4981
4833
4982
4834
4983
4835
4984
4836
4985
4837
4986
4838
4987
4839
4988
4840
4989
4841
4990
4842
4991
4843
4992
4844
4993
4845
4994
4846
4995
4847
4996
4848
4997
4849
4998
4850
4999
4851
5000
4852
5001
4853
5002
4854
5003
4855
5004
4856
5005
4857
5006
4858
5007
4859
5008
4860
5009
4861
5010
4862
5011
4863
5012
4864
5013
4865
5014
4866
5015
4867
5016
4868
5017
4869
5018
4870
5019
4871
5020
4872
5021
4873
5022
4874
5023
4875
5024
4876
5025
4877
5026
4878
5027
4879
5028
4880
5029
4881
5030
4882
5031
4883
5032
4884
5033
4885
5034
4886
5035
4887
5036
4888
5037
4889
5038
4890
5039
4891
5040
4892
5041
4893
5042
4894
5043
4895
5044
4896
5045
4897
5046
4898
5047
4899
5048
4900
5049
4901
5050
4902
5051
4903
5052
4904
5053
4905
5054
4906
5055
4907
5056
4908
5057
4909
5058
4910
5059
4911
5060
4912
5061
4913
5062
4914
5063
4915
5064
4916
5065
4917
5066
4918
5067
4919
5068
4920
5069
4921
5070
4922
5071
4923
5072
4924
5073
4925
5074
4926
5075
4927
5076
4928
5077
4929
5078
4930
5079
4931
5080
4932
5081
4933
5082
4934
5083
4935
5084
4936
5085
4937
5086
4938
5087
4939
5088
4940
5089
4941
5090
4942
5091
4943
5092
4944
5093
4945
5094
4946
5095
4947
5096
4948
5097
4949
5098
5099
4951
5100
4952
5101
4953
5102
4954
5103
4955
5104
4956
5105
4957
5106
4958
5107
4959
5108
4960
5109
4961
5110
4962
5111
4963
5112
4964
5113
4965
5114
4966
5115
4967
5116
4968
5117
4969
5118
4970
5119
4971
5120
4972
5121
4973
5122
4974
5123
4975
5124
4976
5125
4977
5126
4978
5127
4979
5128
4980
5129
4981
5130
4982
5131
4983
5132
4984
5133
4985
5134
4986
5135
4987
5136
4988
5137
4989
5138
4990
5139
4991
5140
4992
5141
4993
5142
4994
5143
4995
5144
4996
5145
4997
5146
4998
5147
4999
5148
5000
5149
5001
5150
5002
5151
5003
5152
5004
5153
5005
5154
5006
5155
5007
5156
5008
5157
5009
5158
5010
5159
5011
5160
5012
5161
5013
5162
5014
5163
5015
5164
5016
5165
5017
5166
5018
5167
5019
5168
5020
5169
5021
5170
5022
5171
5023
5172
5024
5173
5025
5174
5026
5175
5027
5176
5028
5177
5029
5178
5030
5179
5031
5180
5032
5181
5033
5182
5034
5183
5035
5184
5036
5185
5037
5186
5038
5187
5039
5188
5040
5189
5041
5190
5042
5191
5043
5192
5044
5193
5045
5194
5046
5195
5047
5196
5048
5197
5049
5198
5050
5199
5051
5200
5052
5201
5053
5202
5054
5203
5055
5204
5056
5205
5057
5206
5058
5207
5059
5208
5060
5209
5061
5210
5062
5211
5063
5212
5064
5213
5065
5214
5066
5215
5067
5216
5068
5217
5069
5218
5070
5219
5071
5220
5072
5221
5073
5222
5074
5223
5075
5224
5076
5225
5077
5226
5078
5227
5079
5228
5080
5229
5081
5230
5082
5231
5083
5232
5084
5233
5085
5234
5086
5235
5087
5236
5088
5237
5089
5238
5090
5239
5091
5240
5092
5241
5093
5242
5094
5243
5095
5244
5096
5245
5097
5246
5098
5247
5099
5248
5249
5101
5250
5102
5251
5103
5252
5104
5253
5105
5254
5106
5255
5107
5256
5108
5257
5109
5258
5110
5259
5111
5260
5112
5261
5113
5262
5114
5263
5115
5264
5116
5265
5117
5266
5118
5267
5119
5268
5120
5269
5121
5270
5122
5271
5123
5272
5124
5273
5125
5274
5126
5275
5127
5276
5128
5277
5129
5278
5130
5279
5131
5280
5132
5281
5133
5282
5134
5283
5135
5284
5136
5285
5137
5286
5138
5287
5139
5288
5140
5289
5141
5290
5142
5291
5143
5292
5144
5293
5145
5294
5146
5295
5147
5296
5148
5297
5149
5298
5150
5299
5151
5300
5152
5301
5153
5302
5154
5303
5155
5304
5156
5305
5157
5306
5158
5307
5159
5308
5160
5309
5161
5310
5162
5311
5163
5312
5164
5313
5165
5314
5166
5315
5167
5316
5168
5317
5169
5318
5170
5319
5171
5320
5172
5321
5173
5322
5174
5323
5175
5324
5176
5325
5177
5326
5178
5327
5179
5328
5180
5329
5181
5330
5182
5331
5183
5332
5184
5333
5185
5334
5186
5335
5187
5336
5188
5337
5189
5338
5190
5339
5191
5340
5192
5341
5193
5342
5194
5343
5195
5344
5196
5345
5197
5346
5198
5347
5199
5348
5200
5349
5201
5350
5202
5351
5203
5352
5204
5353
5205
5354
5206
5355
5207
5356
5208
5357
5209
5358
5210
5359
5211
5360
5212
5361
5213
5362
5214
5363
5215
5364
5216
5365
5217
5366
5218
5367
5219
5368
5220
5369
5221
5370
5222
5371
5223
5372
5224
5373
5225
5374
5226
5375
5227
5376
5228
5377
5229
5378
5230
5379
5231
5380
5232
5381
5233
5382
5234
5383
5235
5384
5236
5385
5237
5386
5238
5387
5239
5388
5240
5389
5241
5390
5242
5391
5243
5392
5244
5393
5245
5394
5246
5395
5247
5396
5248
5397
5249
5398
5399
5251
5400
5252
5401
5253
5402
5254
5403
5255
5404
5256
5405
5257
5406
5258
5407
5259
5408
5260
5409
5261
5410
5262
5411
5263
5412
5264
5413
5265
5414
5266
5415
5267
5416
5268
5417
5269
5418
5270
5419
5271
5420
5272
5421
5273
5422
5274
5423
5275
5424
5276
5425
5277
5426
5278
5427
5279
5428
5280
5429
5281
5430
5282
5431
5283
5432
5284
5433
5285
5434
5286
5435
5287
5436
5288
5437
5289
5438
5290
5439
5291
5440
5292
5441
5293
5442
5294
5443
5295
5444
5296
5445
5297
5446
5298
5447
5299
5448
5300
5449
5301
5450
5302
5451
5303
5452
5304
5453
5305
5454
5306
5455
5307
5456
5308
5457
5309
5458
5310
5459
5311
5460
5312
5461
5313
5462
5314
5463
5315
5464
5316
5465
5317
5466
5318
5467
5319
5468
5320
5469
5321
5470
5322
5471
5323
5472
5324
5473
5325
5474
5326
5475
5327
5476
5328
5477
5329
5478
5330
5479
5331
5480
5332
5481
5333
5482
5334
5483
5335
5484
5336
5485
5337
5486
5338
5487
5339
5488
5340
5489
5341
5490
5342
5491
5343
5492
5344
5493
5345
5494
5346
5495
5347
5496
5348
5497
5349
5498
5350
5499
5351
5500
5352
5501
5353
5502
5354
5503
5355
5504
5356
5505
5357
5506
5358
5507
5359
5508
5360
5509
5361
5510
5362
5511
5363
5512
5364
5513
5365
5514
5366
5515
5367
5516
5368
5517
5369
5518
5370
5519
5371
5520
5372
5521
5373
5522
5374
5523
5375
5524
5376
5525
5377
5526
5378
5527
5379
5528
5380
5529
5381
5530
5382
5531
5383
5532
5384
5533
5385
5534
5386
5535
5387
5536
5388
5537
5389
5538
5390
5539
5391
5540
5392
5541
5393
5542
5394
5543
5395
5544
5396
5545
5397
5546
5398
5547
5399
5548
5549
5401
5550
5402
5551
5403
5552
5404
5553
5405
5554
5406
5555
5407
5556
5408
5557
5409
5558
5410
5559
5411
5560
5412
5561
5413
5562
5414
5563
5415
5564
5416
5565
5417
5566
5418
5567
5419
5568
5420
5569
5421
5570
5422
5571
5423
5572
5424
5573
5425
5574
5426
5575
5427
5576
5428
5577
5429
5578
5430
5579
5431
5580
5432
5581
5433
5582
5434
5583
5435
5584
5436
5585
5437
5586
5438
5587
5439
5588
5440
5589
5441
5590
5442
5591
5443
5592
5444
5593
5445
5594
5446
5595
5447
5596
5448
5597
5449
5598
5450
5599
5451
5600
5452
5601
5453
5602
5454
5603
5455
5604
5456
5605
5457
5606
5458
5607
5459
5608
5460
5609
5461
5610
5462
5611
5463
5612
5464
5613
5465
5614
5466
5615
5467
5616
5468
5617
5469
5618
5470
5619
5471
5620
5472
5621
5473
5622
5474
5623
5475
5624
5476
5625
5477
5626
5478
5627
5479
5628
5480
5629
5481
5630
5482
5631
5483
5632
5484
5633
5485
5634
5486
5635
5487
5636
5488
5637
5489
5638
5490
5639
5491
5640
5492
5641
5493
5642
5494
5643
5495
5644
5496
5645
5497
5646
5498
5647
5499
5648
5500
5649
5501
5650
5502
5651
5503
5652
5504
5653
5505
5654
5506
5655
5507
5656
5508
5657
5509
5658
5510
5659
5511
5660
5512
5661
5513
5662
5514
5663
5515
5664
5516
5665
5517
5666
5518
5667
5519
5668
5520
5669
5521
5670
5522
5671
5523
5672
5524
5673
5525
5674
5526
5675
5527
5676
5528
5677
5529
5678
5530
5679
5531
5680
5532
5681
5533
5682
5534
5683
5535
5684
5536
5685
5537
5686
5538
5687
5539
5688
5540
5689
5541
5690
5542
5691
5543
5692
5544
5693
5545
5694
5546
5695
5547
5696
5548
5697
5549
5698
5699
5551
5700
5552
5701
5553
5702
5554
5703
5555
5704
5556
5705
5557
5706
5558
5707
5559
5708
5560
5709
5561
5710
5562
5711
5563
5712
5564
5713
5565
5714
5566
5715
5567
5716
5568
5717
5569
5718
5570
5719
5571
5720
5572
5721
5573
5722
5574
5723
5575
5724
5576
5725
5577
5726
5578
5727
5579
5728
5580
5729
5581
5730
5582
5731
5583
5732
5584
5733
5585
5734
5586
5735
5587
5736
5588
5737
5589
5738
5590
5739
5591
5740
5592
5741
5593
5742
5594
5743
5595
5744
5596
5745
5597
5746
5598
5747
5599
5748
5600
5749
5601
5750
5602
5751
5603
5752
5604
5753
5605
5754
5606
5755
5607
5756
5608
5757
5609
5758
5610
5759
5611
5760
5612
5761
5613
5762
5614
5763
5615
5764
5616
5765
5617
5766
5618
5767
5619
5768
5620
5769
5621
5770
5622
5771
5623
5772
5624
5773
5625
5774
5626
5775
5627
5776
5628
5777
5629
5778
5630
5779
5631
5780
5632
5781
5633
5782
5634
5783
5635
5784
5636
5785
5637
5786
5638
5787
5639
5788
5640
5789
5641
5790
5642
5791
5643
5792
5644
5793
5645
5794
5646
5795
5647
5796
5648
5797
5649
5798
5650
5799
5651
5800
5652
5801
5653
5802
5654
5803
5655
5804
5656
5805
5657
5806
5658
5807
5659
5808
5660
5809
5661
5810
5662
5811
5663
5812
5664
5813
5665
5814
5666
5815
5667
5816
5668
5817
5669
5818
5670
5819
5671
5820
5672
5821
5673
5822
5674
5823
5675
5824
5676
5825
5677
5826
5678
5827
5679
5828
5680
5829
5681
5830
5682
5831
5683
5832
5684
5833
5685
5834
5686
5835
5687
5836
5688
5837
5689
5838
5690
5839
5691
5840
5692
5841
5693
5842
5694
5843
5695
5844
5696
5845
5697
5846
5698
5847
5699
5848
5849
5701
5850
5702
5851
5703
5852
5704
5853
5705
5854
5706
5855
5707
5856
5708
5857
5709
5858
5710
5859
5711
5860
5712
5861
5713
5862
5714
5863
5715
5864
5716
5865
5717
5866
5718
5867
5719
5868
5720
5869
5721
5870
5722
5871
5723
5872
5724
5873
5725
5874
5726
5875
5727
5876
5728
5877
5729
5878
5730
5879
5731
5880
5732
5881
5733
5882
5734
5883
5735
5884
5736
5885
5737
5886
5738
5887
5739
5888
5740
5889
5741
5890
5742
5891
5743
5892
5744
5893
5745
5894
5746
5895
5747
5896
5748
5897
5749
5898
5750
5899
5751
5900
5752
5901
5753
5902
5754
5903
5755
5904
5756
5905
5757
5906
5758
5907
5759
5908
5760
5909
5761
5910
5762
5911
5763
5912
5764
5913
5765
5914
5766
5915
5767
5916
5768
5917
5769
5918
5770
5919
5771
5920
5772
5921
5773
5922
5774
5923
5775
5924
5776
5925
5777
5926
5778
5927
5779
5928
5780
5929
5781
5930
5782
5931
5783
5932
5784
5933
5785
5934
5786
5935
5787
5936
5788
5937
5789
5938
5790
5939
5791
5940
5792
5941
5793
5942
5794
5943
5795
5944
5796
5945
5797
5946
5798
5947
5799
5948
5800
5949
5801
5950
5802
5951
5803
5952
5804
5953
5805
5954
5806
5955
5807
5956
5808
5957
5809
5958
5810
5959
5811
5960
5812
5961
5813
5962
5814
5963
5815
5964
5816
5965
5817
5966
5818
5967
5819
5968
5820
5969
5821
5970
5822
5971
5823
5972
5824
5973
5825
5974
5826
5975
5827
5976
5828
5977
5829
5978
5830
5979
5831
5980
5832
5981
5833
5982
5834
5983
5835
5984
5836
5985
5837
5986
5838
5987
5839
5988
5840
5989
5841
5990
5842
5991
5843
5992
5844
5993
5845
5994
5846
5995
5847
5996
5848
5997
5849
5998
5999
5851
6000
5852
6001
5853
6002
5854
6003
5855
6004
5856
6005
5857
6006
5858
6007
5859
6008
5860
6009
5861
6010
5862
6011
5863
6012
5864
6013
5865
6014
5866
6015
5867
6016
5868
6017
5869
6018
5870
6019
5871
6020
5872
6021
5873
6022
5874
6023
5875
6024
5876
6025
5877
6026
5878
6027
5879
6028
5880
6029
5881
6030
5882
6031
5883
6032
5884
6033
5885
6034
5886
6035
5887
6036
5888
6037
5889
6038
5890
6039
5891
6040
5892
6041
5893
6042
5894
6043
5895
6044
5896
6045
5897
6046
5898
6047
5899
6048
5900
6049
5901
6050
5902
6051
5903
6052
5904
6053
5905
6054
5906
6055
5907
6056
5908
6057
5909
6058
5910
6059
5911
6060
5912
6061
5913
6062
5914
6063
5915
6064
5916
6065
5917
6066
5918
6067
5919
6068
5920
6069
5921
6070
5922
6071
5923
6072
5924
6073
5925
6074
5926
6075
5927
6076
5928
6077
5929
6078
5930
6079
5931
6080
5932
6081
5933
6082
5934
6083
5935
6084
5936
6085
5937
6086
5938
6087
5939
6088
5940
6089
5941
6090
5942
6091
5943
6092
5944
6093
5945
6094
5946
6095
5947
6096
5948
6097
5949
6098
5950
6099
5951
6100
5952
6101
5953
6102
5954
6103
5955
6104
5956
6105
5957
6106
5958
6107
5959
6108
5960
6109
5961
6110
5962
6111
5963
6112
5964
6113
5965
6114
5966
6115
5967
6116
5968
6117
5969
6118
5970
6119
5971
6120
5972
6121
5973
6122
5974
6123
5975
6124
5976
6125
5977
6126
5978
6127
5979
6128
5980
6129
5981
6130
5982
6131
5983
6132
5984
6133
5985
6134
5986
6135
5987
6136
5988
6137
5989
6138
5990
6139
5991
6140
5992
6141
5993
6142
5994
6143
5995
6144
5996
6145
5997
6146
5998
6147
5999
6148
6149
6001
6150
6002
6151
6003
6152
6004
6153
6005
6154
6006
6155
6007
6156
6008
6157
6009
6158
6010
6159
6011
6160
6012
6161
6013
6162
6014
6163
6015
6164
6016
6165
6017
6166
6018
6167
6019
6168
6020
6169
6021
6170
6022
6171
6023
6172
6024
6173
6025
6174
6026
6175
6027
6176
6028
6177
6029
6178
6030
6179
6031
6180
6032
6181
6033
6182
6034
6183
6035
6184
6036
6185
6037
6186
6038
6187
6039
6188
6040
6189
6041
6190
6042
6191
6043
6192
6044
6193
6045
6194
6046
6195
6047
6196
6048
6197
6049
6198
6050
6199
6051
6200
6052
6201
6053
6202
6054
6203
6055
6204
6056
6205
6057
6206
6058
6207
6059
6208
6060
6209
6061
6210
6062
6211
6063
6212
6064
6213
6065
6214
6066
6215
6067
6216
6068
6217
6069
6218
6070
6219
6071
6220
6072
6221
6073
6222
6074
6223
6075
6224
6076
6225
6077
6226
6078
6227
6079
6228
6080
6229
6081
6230
6082
6231
6083
6232
6084
6233
6085
6234
6086
6235
6087
6236
6088
6237
6089
6238
6090
6239
6091
6240
6092
6241
6093
6242
6094
6243
6095
6244
6096
6245
6097
6246
6098
6247
6099
6248
6100
6249
6101
6250
6102
6251
6103
6252
6104
6253
6105
6254
6106
6255
6107
6256
6108
6257
6109
6258
6110
6259
6111
6260
6112
6261
6113
6262
6114
6263
6115
6264
6116
6265
6117
6266
6118
6267
6119
6268
6120
6269
6121
6270
6122
6271
6123
6272
6124
6273
6125
6274
6126
6275
6127
6276
6128
6277
6129
6278
6130
6279
6131
6280
6132
6281
6133
6282
6134
6283
6135
6284
6136
6285
6137
6286
6138
6287
6139
6288
6140
6289
6141
6290
6142
6291
6143
6292
6144
6293
6145
6294
6146
6295
6147
6296
6148
6297
6149
6298
6299
6151
6300
6152
6301
6153
6302
6154
6303
6155
6304
6156
6305
6157
6306
6158
6307
6159
6308
6160
6309
6161
6310
6162
6311
6163
6312
6164
6313
6165
6314
6166
6315
6167
6316
6168
6317
6169
6318
6170
6319
6171
6320
6172
6321
6173
6322
6174
6323
6175
6324
6176
6325
6177
6326
6178
6327
6179
6328
6180
6329
6181
6330
6182
6331
6183
6332
6184
6333
6185
6334
6186
6335
6187
6336
6188
6337
6189
6338
6190
6339
6191
6340
6192
6341
6193
6342
6194
6343
6195
6344
6196
6345
6197
6346
6198
6347
6199
6348
6200
6349
6201
6350
6202
6351
6203
6352
6204
6353
6205
6354
6206
6355
6207
6356
6208
6357
6209
6358
6210
6359
6211
6360
6212
6361
6213
6362
6214
6363
6215
6364
6216
6365
6217
6366
6218
6367
6219
6368
6220
6369
6221
6370
6222
6371
6223
6372
6224
6373
6225
6374
6226
6375
6227
6376
6228
6377
6229
6378
6230
6379
6231
6380
6232
6381
6233
6382
6234
6383
6235
6384
6236
6385
6237
6386
6238
6387
6239
6388
6240
6389
6241
6390
6242
6391
6243
6392
6244
6393
6245
6394
6246
6395
6247
6396
6248
6397
6249
6398
6250
6399
6251
6400
6252
6401
6253
6402
6254
6403
6255
6404
6256
6405
6257
6406
6258
6407
6259
6408
6260
6409
6261
6410
6262
6411
6263
6412
6264
6413
6265
6414
6266
6415
6267
6416
6268
6417
6269
6418
6270
6419
6271
6420
6272
6421
6273
6422
6274
6423
6275
6424
6276
6425
6277
6426
6278
6427
6279
6428
6280
6429
6281
6430
6282
6431
6283
6432
6284
6433
6285
6434
6286
6435
6287
6436
6288
6437
6289
6438
6290
6439
6291
6440
6292
6441
6293
6442
6294
6443
6295
6444
6296
6445
6297
6446
6298
6447
6299
6448
6449
6301
6450
6302
6451
6303
6452
6304
6453
6305
6454
6306
6455
6307
6456
6308
6457
6309
6458
6310
6459
6311
6460
6312
6461
6313
6462
6314
6463
6315
6464
6316
6465
6317
6466
6318
6467
6319
6468
6320
6469
6321
6470
6322
6471
6323
6472
6324
6473
6325
6474
6326
6475
6327
6476
6328
6477
6329
6478
6330
6479
6331
6480
6332
6481
6333
6482
6334
6483
6335
6484
6336
6485
6337
6486
6338
6487
6339
6488
6340
6489
6341
6490
6342
6491
6343
6492
6344
6493
6345
6494
6346
6495
6347
6496
6348
6497
6349
6498
6350
6499
6351
6500
6352
6501
6353
6502
6354
6503
6355
6504
6356
6505
6357
6506
6358
6507
6359
6508
6360
6509
6361
6510
6362
6511
6363
6512
6364
6513
6365
6514
6366
6515
6367
6516
6368
6517
6369
6518
6370
6519
6371
6520
6372
6521
6373
6522
6374
6523
6375
6524
6376
6525
6377
6526
6378
6527
6379
6528
6380
6529
6381
6530
6382
6531
6383
6532
6384
6533
6385
6534
6386
6535
6387
6536
6388
6537
6389
6538
6390
6539
6391
6540
6392
6541
6393
6542
6394
6543
6395
6544
6396
6545
6397
6546
6398
6547
6399
6548
6400
6549
6401
6550
6402
6551
6403
6552
6404
6553
6405
6554
6406
6555
6407
6556
6408
6557
6409
6558
6410
6559
6411
6560
6412
6561
6413
6562
6414
6563
6415
6564
6416
6565
6417
6566
6418
6567
6419
6568
6420
6569
6421
6570
6422
6571
6423
6572
6424
6573
6425
6574
6426
6575
6427
6576
6428
6577
6429
6578
6430
6579
6431
6580
6432
6581
6433
6582
6434
6583
6435
6584
6436
6585
6437
6586
6438
6587
6439
6588
6440
6589
6441
6590
6442
6591
6443
6592
6444
6593
6445
6594
6446
6595
6447
6596
6448
6597
6449
6598
6599
6451
6600
6452
6601
6453
6602
6454
6603
6455
6604
6456
6605
6457
6606
6458
6607
6459
6608
6460
6609
6461
6610
6462
6611
6463
6612
6464
6613
6465
6614
6466
6615
6467
6616
6468
6617
6469
6618
6470
6619
6471
6620
6472
6621
6473
6622
6474
6623
6475
6624
6476
6625
6477
6626
6478
6627
6479
6628
6480
6629
6481
6630
6482
6631
6483
6632
6484
6633
6485
6634
6486
6635
6487
6636
6488
6637
6489
6638
6490
6639
6491
6640
6492
6641
6493
6642
6494
6643
6495
6644
6496
6645
6497
6646
6498
6647
6499
6648
6500
6649
6501
6650
6502
6651
6503
6652
6504
6653
6505
6654
6506
6655
6507
6656
6508
6657
6509
6658
6510
6659
6511
6660
6512
6661
6513
6662
6514
6663
6515
6664
6516
6665
6517
6666
6518
6667
6519
6668
6520
6669
6521
6670
6522
6671
6523
6672
6524
6673
6525
6674
6526
6675
6527
6676
6528
6677
6529
6678
6530
6679
6531
6680
6532
6681
6533
6682
6534
6683
6535
6684
6536
6685
6537
6686
6538
6687
6539
6688
6540
6689
6541
6690
6542
6691
6543
6692
6544
6693
6545
6694
6546
6695
6547
6696
6548
6697
6549
6698
6550
6699
6551
6700
6552
6701
6553
6702
6554
6703
6555
6704
6556
6705
6557
6706
6558
6707
6559
6708
6560
6709
6561
6710
6562
6711
6563
6712
6564
6713
6565
6714
6566
6715
6567
6716
6568
6717
6569
6718
6570
6719
6571
6720
6572
6721
6573
6722
6574
6723
6575
6724
6576
6725
6577
6726
6578
6727
6579
6728
6580
6729
6581
6730
6582
6731
6583
6732
6584
6733
6585
6734
6586
6735
6587
6736
6588
6737
6589
6738
6590
6739
6591
6740
6592
6741
6593
6742
6594
6743
6595
6744
6596
6745
6597
6746
6598
6747
6599
6748
6749
6601
6750
6602
6751
6603
6752
6604
6753
6605
6754
6606
6755
6607
6756
6608
6757
6609
6758
6610
6759
6611
6760
6612
6761
6613
6762
6614
6763
6615
6764
6616
6765
6617
6766
6618
6767
6619
6768
6620
6769
6621
6770
6622
6771
6623
6772
6624
6773
6625
6774
6626
6775
6627
6776
6628
6777
6629
6778
6630
6779
6631
6780
6632
6781
6633
6782
6634
6783
6635
6784
6636
6785
6637
6786
6638
6787
6639
6788
6640
6789
6641
6790
6642
6791
6643
6792
6644
6793
6645
6794
6646
6795
6647
6796
6648
6797
6649
6798
6650
6799
6651
6800
6652
6801
6653
6802
6654
6803
6655
6804
6656
6805
6657
6806
6658
6807
6659
6808
6660
6809
6661
6810
6662
6811
6663
6812
6664
6813
6665
6814
6666
6815
6667
6816
6668
6817
6669
6818
6670
6819
6671
6820
6672
6821
6673
6822
6674
6823
6675
6824
6676
6825
6677
6826
6678
6827
6679
6828
6680
6829
6681
6830
6682
6831
6683
6832
6684
6833
6685
6834
6686
6835
6687
6836
6688
6837
6689
6838
6690
6839
6691
6840
6692
6841
6693
6842
6694
6843
6695
6844
6696
6845
6697
6846
6698
6847
6699
6848
6700
6849
6701
6850
6702
6851
6703
6852
6704
6853
6705
6854
6706
6855
6707
6856
6708
6857
6709
6858
6710
6859
6711
6860
6712
6861
6713
6862
6714
6863
6715
6864
6716
6865
6717
6866
6718
6867
6719
6868
6720
6869
6721
6870
6722
6871
6723
6872
6724
6873
6725
6874
6726
6875
6727
6876
6728
6877
6729
6878
6730
6879
6731
6880
6732
6881
6733
6882
6734
6883
6735
6884
6736
6885
6737
6886
6738
6887
6739
6888
6740
6889
6741
6890
6742
6891
6743
6892
6744
6893
6745
6894
6746
6895
6747
6896
6748
6897
6749
6898
6899
6751
6900
6752
6901
6753
6902
6754
6903
6755
6904
6756
6905
6757
6906
6758
6907
6759
6908
6760
6909
6761
6910
6762
6911
6763
6912
6764
6913
6765
6914
6766
6915
6767
6916
6768
6917
6769
6918
6770
6919
6771
6920
6772
6921
6773
6922
6774
6923
6775
6924
6776
6925
6777
6926
6778
6927
6779
6928
6780
6929
6781
6930
6782
6931
6783
6932
6784
6933
6785
6934
6786
6935
6787
6936
6788
6937
6789
6938
6790
6939
6791
6940
6792
6941
6793
6942
6794
6943
6795
6944
6796
6945
6797
6946
6798
6947
6799
6948
6800
6949
6801
6950
6802
6951
6803
6952
6804
6953
6805
6954
6806
6955
6807
6956
6808
6957
6809
6958
6810
6959
6811
6960
6812
6961
6813
6962
6814
6963
6815
6964
6816
6965
6817
6966
6818
6967
6819
6968
6820
6969
6821
6970
6822
6971
6823
6972
6824
6973
6825
6974
6826
6975
6827
6976
6828
6977
6829
6978
6830
6979
6831
6980
6832
6981
6833
6982
6834
6983
6835
6984
6836
6985
6837
6986
6838
6987
6839
6988
6840
6989
6841
6990
6842
6991
6843
6992
6844
6993
6845
6994
6846
6995
6847
6996
6848
6997
6849
6998
6850
6999
6851
7000
6852
7001
6853
7002
6854
7003
6855
7004
6856
7005
6857
7006
6858
7007
6859
7008
6860
7009
6861
7010
6862
7011
6863
7012
6864
7013
6865
7014
6866
7015
6867
7016
6868
7017
6869
7018
6870
7019
6871
7020
6872
7021
6873
7022
6874
7023
6875
7024
6876
7025
6877
7026
6878
7027
6879
7028
6880
7029
6881
7030
6882
7031
6883
7032
6884
7033
6885
7034
6886
7035
6887
7036
6888
7037
6889
7038
6890
7039
6891
7040
6892
7041
6893
7042
6894
7043
6895
7044
6896
7045
6897
7046
6898
7047
6899
7048
7049
6901
7050
6902
7051
6903
7052
6904
7053
6905
7054
6906
7055
6907
7056
6908
7057
6909
7058
6910
7059
6911
7060
6912
7061
6913
7062
6914
7063
6915
7064
6916
7065
6917
7066
6918
7067
6919
7068
6920
7069
6921
7070
6922
7071
6923
7072
6924
7073
6925
7074
6926
7075
6927
7076
6928
7077
6929
7078
6930
7079
6931
7080
6932
7081
6933
7082
6934
7083
6935
7084
6936
7085
6937
7086
6938
7087
6939
7088
6940
7089
6941
7090
6942
7091
6943
7092
6944
7093
6945
7094
6946
7095
6947
7096
6948
7097
6949
7098
6950
7099
6951
7100
6952
7101
6953
7102
6954
7103
6955
7104
6956
7105
6957
7106
6958
7107
6959
7108
6960
7109
6961
7110
6962
7111
6963
7112
6964
7113
6965
7114
6966
7115
6967
7116
6968
7117
6969
7118
6970
7119
6971
7120
6972
7121
6973
7122
6974
7123
6975
7124
6976
7125
6977
7126
6978
7127
6979
7128
6980
7129
6981
7130
6982
7131
6983
7132
6984
7133
6985
7134
6986
7135
6987
7136
6988
7137
6989
7138
6990
7139
6991
7140
6992
7141
6993
7142
6994
7143
6995
7144
6996
7145
6997
7146
6998
7147
6999
7148
7000
7149
7001
7150
7002
7151
7003
7152
7004
7153
7005
7154
7006
7155
7007
7156
7008
7157
7009
7158
7010
7159
7011
7160
7012
7161
7013
7162
7014
7163
7015
7164
7016
7165
7017
7166
7018
7167
7019
7168
7020
7169
7021
7170
7022
7171
7023
7172
7024
7173
7025
7174
7026
7175
7027
7176
7028
7177
7029
7178
7030
7179
7031
7180
7032
7181
7033
7182
7034
7183
7035
7184
7036
7185
7037
7186
7038
7187
7039
7188
7040
7189
7041
7190
7042
7191
7043
7192
7044
7193
7045
7194
7046
7195
7047
7196
7048
7197
7049
7198
7199
7051
7200
7052
7201
7053
7202
7054
7203
7055
7204
7056
7205
7057
7206
7058
7207
7059
7208
7060
7209
7061
7210
7062
7211
7063
7212
7064
7213
7065
7214
7066
7215
7067
7216
7068
7217
7069
7218
7070
7219
7071
7220
7072
7221
7073
7222
7074
7223
7075
7224
7076
7225
7077
7226
7078
7227
7079
7228
7080
7229
7081
7230
7082
7231
7083
7232
7084
7233
7085
7234
7086
7235
7087
7236
7088
7237
7089
7238
7090
7239
7091
7240
7092
7241
7093
7242
7094
7243
7095
7244
7096
7245
7097
7246
7098
7247
7099
7248
7100
7249
7101
7250
7102
7251
7103
7252
7104
7253
7105
7254
7106
7255
7107
7256
7108
7257
7109
7258
7110
7259
7111
7260
7112
7261
7113
7262
7114
7263
7115
7264
7116
7265
7117
7266
7118
7267
7119
7268
7120
7269
7121
7270
7122
7271
7123
7272
7124
7273
7125
7274
7126
7275
7127
7276
7128
7277
7129
7278
7130
7279
7131
7280
7132
7281
7133
7282
7134
7283
7135
7284
7136
7285
7137
7286
7138
7287
7139
7288
7140
7289
7141
7290
7142
7291
7143
7292
7144
7293
7145
7294
7146
7295
7147
7296
7148
7297
7149
7298
7150
7299
7151
7300
7152
7301
7153
7302
7154
7303
7155
7304
7156
7305
7157
7306
7158
7307
7159
7308
7160
7309
7161
7310
7162
7311
7163
7312
7164
7313
7165
7314
7166
7315
7167
7316
7168
7317
7169
7318
7170
7319
7171
7320
7172
7321
7173
7322
7174
7323
7175
7324
7176
7325
7177
7326
7178
7327
7179
7328
7180
7329
7181
7330
7182
7331
7183
7332
7184
7333
7185
7334
7186
7335
7187
7336
7188
7337
7189
7338
7190
7339
7191
7340
7192
7341
7193
7342
7194
7343
7195
7344
7196
7345
7197
7346
7198
7347
7199
7348
7349
7201
7350
7202
7351
7203
7352
7204
7353
7205
7354
7206
7355
7207
7356
7208
7357
7209
7358
7210
7359
7211
7360
7212
7361
7213
7362
7214
7363
7215
7364
7216
7365
7217
7366
7218
7367
7219
7368
7220
7369
7221
7370
7222
7371
7223
7372
7224
7373
7225
7374
7226
7375
7227
7376
7228
7377
7229
7378
7230
7379
7231
7380
7232
7381
7233
7382
7234
7383
7235
7384
7236
7385
7237
7386
7238
7387
7239
7388
7240
7389
7241
7390
7242
7391
7243
7392
7244
7393
7245
7394
7246
7395
7247
7396
7248
7397
7249
7398
7250
7399
7251
7400
7252
7401
7253
7402
7254
7403
7255
7404
7256
7405
7257
7406
7258
7407
7259
7408
7260
7409
7261
7410
7262
7411
7263
7412
7264
7413
7265
7414
7266
7415
7267
7416
7268
7417
7269
7418
7270
7419
7271
7420
7272
7421
7273
7422
7274
7423
7275
7424
7276
7425
7277
7426
7278
7427
7279
7428
7280
7429
7281
7430
7282
7431
7283
7432
7284
7433
7285
7434
7286
7435
7287
7436
7288
7437
7289
7438
7290
7439
7291
7440
7292
7441
7293
7442
7294
7443
7295
7444
7296
7445
7297
7446
7298
7447
7299
7448
7300
7449
7301
7450
7302
7451
7303
7452
7304
7453
7305
7454
7306
7455
7307
7456
7308
7457
7309
7458
7310
7459
7311
7460
7312
7461
7313
7462
7314
7463
7315
7464
7316
7465
7317
7466
7318
7467
7319
7468
7320
7469
7321
7470
7322
7471
7323
7472
7324
7473
7325
7474
7326
7475
7327
7476
7328
7477
7329
7478
7330
7479
7331
7480
7332
7481
7333
7482
7334
7483
7335
7484
7336
7485
7337
7486
7338
7487
7339
7488
7340
7489
7341
7490
7342
7491
7343
7492
7344
7493
7345
7494
7346
7495
7347
7496
7348
7497
7349
7498
7499
7351
7500
7352
7501
7353
7502
7354
7503
7355
7504
7356
7505
7357
7506
7358
7507
7359
7508
7360
7509
7361
7510
7362
7511
7363
7512
7364
7513
7365
7514
7366
7515
7367
7516
7368
7517
7369
7518
7370
7519
7371
7520
7372
7521
7373
7522
7374
7523
7375
7524
7376
7525
7377
7526
7378
7527
7379
7528
7380
7529
7381
7530
7382
7531
7383
7532
7384
7533
7385
7534
7386
7535
7387
7536
7388
7537
7389
7538
7390
7539
7391
7540
7392
7541
7393
7542
7394
7543
7395
7544
7396
7545
7397
7546
7398
7547
7399
7548
7400
7549
7401
7550
7402
7551
7403
7552
7404
7553
7405
7554
7406
7555
7407
7556
7408
7557
7409
7558
7410
7559
7411
7560
7412
7561
7413
7562
7414
7563
7415
7564
7416
7565
7417
7566
7418
7567
7419
7568
7420
7569
7421
7570
7422
7571
7423
7572
7424
7573
7425
7574
7426
7575
7427
7576
7428
7577
7429
7578
7430
7579
7431
7580
7432
7581
7433
7582
7434
7583
7435
7584
7436
7585
7437
7586
7438
7587
7439
7588
7440
7589
7441
7590
7442
7591
7443
7592
7444
7593
7445
7594
7446
7595
7447
7596
7448
7597
7449
7598
7450
7599
7451
7600
7452
7601
7453
7602
7454
7603
7455
7604
7456
7605
7457
7606
7458
7607
7459
7608
7460
7609
7461
7610
7462
7611
7463
7612
7464
7613
7465
7614
7466
7615
7467
7616
7468
7617
7469
7618
7470
7619
7471
7620
7472
7621
7473
7622
7474
7623
7475
7624
7476
7625
7477
7626
7478
7627
7479
7628
7480
7629
7481
7630
7482
7631
7483
7632
7484
7633
7485
7634
7486
7635
7487
7636
7488
7637
7489
7638
7490
7639
7491
7640
7492
7641
7493
7642
7494
7643
7495
7644
7496
7645
7497
7646
7498
7647
7499
7648
7649
7501
7650
7502
7651
7503
7652
7504
7653
7505
7654
7506
7655
7507
7656
7508
7657
7509
7658
7510
7659
7511
7660
7512
7661
7513
7662
7514
7663
7515
7664
7516
7665
7517
7666
7518
7667
7519
7668
7520
7669
7521
7670
7522
7671
7523
7672
7524
7673
7525
7674
7526
7675
7527
7676
7528
7677
7529
7678
7530
7679
7531
7680
7532
7681
7533
7682
7534
7683
7535
7684
7536
7685
7537
7686
7538
7687
7539
7688
7540
7689
7541
7690
7542
7691
7543
7692
7544
7693
7545
7694
7546
7695
7547
7696
7548
7697
7549
7698
7550
7699
7551
7700
7552
7701
7553
7702
7554
7703
7555
7704
7556
7705
7557
7706
7558
7707
7559
7708
7560
7709
7561
7710
7562
7711
7563
7712
7564
7713
7565
7714
7566
7715
7567
7716
7568
7717
7569
7718
7570
7719
7571
7720
7572
7721
7573
7722
7574
7723
7575
7724
7576
7725
7577
7726
7578
7727
7579
7728
7580
7729
7581
7730
7582
7731
7583
7732
7584
7733
7585
7734
7586
7735
7587
7736
7588
7737
7589
7738
7590
7739
7591
7740
7592
7741
7593
7742
7594
7743
7595
7744
7596
7745
7597
7746
7598
7747
7599
7748
7600
7749
7601
7750
7602
7751
7603
7752
7604
7753
7605
7754
7606
7755
7607
7756
7608
7757
7609
7758
7610
7759
7611
7760
7612
7761
7613
7762
7614
7763
7615
7764
7616
7765
7617
7766
7618
7767
7619
7768
7620
7769
7621
7770
7622
7771
7623
7772
7624
7773
7625
7774
7626
7775
7627
7776
7628
7777
7629
7778
7630
7779
7631
7780
7632
7781
7633
7782
7634
7783
7635
7784
7636
7785
7637
7786
7638
7787
7639
7788
7640
7789
7641
7790
7642
7791
7643
7792
7644
7793
7645
7794
7646
7795
7647
7796
7648
7797
7649
7798
7799
7651
7800
7652
7801
7653
7802
7654
7803
7655
7804
7656
7805
7657
7806
7658
7807
7659
7808
7660
7809
7661
7810
7662
7811
7663
7812
7664
7813
7665
7814
7666
7815
7667
7816
7668
7817
7669
7818
7670
7819
7671
7820
7672
7821
7673
7822
7674
7823
7675
7824
7676
7825
7677
7826
7678
7827
7679
7828
7680
7829
7681
7830
7682
7831
7683
7832
7684
7833
7685
7834
7686
7835
7687
7836
7688
7837
7689
7838
7690
7839
7691
7840
7692
7841
7693
7842
7694
7843
7695
7844
7696
7845
7697
7846
7698
7847
7699
7848
7700
7849
7701
7850
7702
7851
7703
7852
7704
7853
7705
7854
7706
7855
7707
7856
7708
7857
7709
7858
7710
7859
7711
7860
7712
7861
7713
7862
7714
7863
7715
7864
7716
7865
7717
7866
7718
7867
7719
7868
7720
7869
7721
7870
7722
7871
7723
7872
7724
7873
7725
7874
7726
7875
7727
7876
7728
7877
7729
7878
7730
7879
7731
7880
7732
7881
7733
7882
7734
7883
7735
7884
7736
7885
7737
7886
7738
7887
7739
7888
7740
7889
7741
7890
7742
7891
7743
7892
7744
7893
7745
7894
7746
7895
7747
7896
7748
7897
7749
7898
7750
7899
7751
7900
7752
7901
7753
7902
7754
7903
7755
7904
7756
7905
7757
7906
7758
7907
7759
7908
7760
7909
7761
7910
7762
7911
7763
7912
7764
7913
7765
7914
7766
7915
7767
7916
7768
7917
7769
7918
7770
7919
7771
7920
7772
7921
7773
7922
7774
7923
7775
7924
7776
7925
7777
7926
7778
7927
7779
7928
7780
7929
7781
7930
7782
7931
7783
7932
7784
7933
7785
7934
7786
7935
7787
7936
7788
7937
7789
7938
7790
7939
7791
7940
7792
7941
7793
7942
7794
7943
7795
7944
7796
7945
7797
7946
7798
7947
7799
7948
7949
7801
7950
7802
7951
7803
7952
7804
7953
7805
7954
7806
7955
7807
7956
7808
7957
7809
7958
7810
7959
7811
7960
7812
7961
7813
7962
7814
7963
7815
7964
7816
7965
7817
7966
7818
7967
7819
7968
7820
7969
7821
7970
7822
7971
7823
7972
7824
7973
7825
7974
7826
7975
7827
7976
7828
7977
7829
7978
7830
7979
7831
7980
7832
7981
7833
7982
7834
7983
7835
7984
7836
7985
7837
7986
7838
7987
7839
7988
7840
7989
7841
7990
7842
7991
7843
7992
7844
7993
7845
7994
7846
7995
7847
7996
7848
7997
7849
7998
7850
7999
7851
8000
7852
8001
7853
8002
7854
8003
7855
8004
7856
8005
7857
8006
7858
8007
7859
8008
7860
8009
7861
8010
7862
8011
7863
8012
7864
8013
7865
8014
7866
8015
7867
8016
7868
8017
7869
8018
7870
8019
7871
8020
7872
8021
7873
8022
7874
8023
7875
8024
7876
8025
7877
8026
7878
8027
7879
8028
7880
8029
7881
8030
7882
8031
7883
8032
7884
8033
7885
8034
7886
8035
7887
8036
7888
8037
7889
8038
7890
8039
7891
8040
7892
8041
7893
8042
7894
8043
7895
8044
7896
8045
7897
8046
7898
8047
7899
8048
7900
8049
7901
8050
7902
8051
7903
8052
7904
8053
7905
8054
7906
8055
7907
8056
7908
8057
7909
8058
7910
8059
7911
8060
7912
8061
7913
8062
7914
8063
7915
8064
7916
8065
7917
8066
7918
8067
7919
8068
7920
8069
7921
8070
7922
8071
7923
8072
7924
8073
7925
8074
7926
8075
7927
8076
7928
8077
7929
8078
7930
8079
7931
8080
7932
8081
7933
8082
7934
8083
7935
8084
7936
8085
7937
8086
7938
8087
7939
8088
7940
8089
7941
8090
7942
8091
7943
8092
7944
8093
7945
8094
7946
8095
7947
8096
7948
8097
7949
8098
8099
7951
8100
7952
8101
7953
8102
7954
8103
7955
8104
7956
8105
7957
8106
7958
8107
7959
8108
7960
8109
7961
8110
7962
8111
7963
8112
7964
8113
7965
8114
7966
8115
7967
8116
7968
8117
7969
8118
7970
8119
7971
8120
7972
8121
7973
8122
7974
8123
7975
8124
7976
8125
7977
8126
7978
8127
7979
8128
7980
8129
7981
8130
7982
8131
7983
8132
7984
8133
7985
8134
7986
8135
7987
8136
7988
8137
7989
8138
7990
8139
7991
8140
7992
8141
7993
8142
7994
8143
7995
8144
7996
8145
7997
8146
7998
8147
7999
8148
8000
8149
8001
8150
8002
8151
8003
8152
8004
8153
8005
8154
8006
8155
8007
8156
8008
8157
8009
8158
8010
8159
8011
8160
8012
8161
8013
8162
8014
8163
8015
8164
8016
8165
8017
8166
8018
8167
8019
8168
8020
8169
8021
8170
8022
8171
8023
8172
8024
8173
8025
8174
8026
8175
8027
8176
8028
8177
8029
8178
8030
8179
8031
8180
8032
8181
8033
8182
8034
8183
8035
8184
8036
8185
8037
8186
8038
8187
8039
8188
8040
8189
8041
8190
8042
8191
8043
8192
8044
8193
8045
8194
8046
8195
8047
8196
8048
8197
8049
8198
8050
8199
8051
8200
8052
8201
8053
8202
8054
8203
8055
8204
8056
8205
8057
8206
8058
8207
8059
8208
8060
8209
8061
8210
8062
8211
8063
8212
8064
8213
8065
8214
8066
8215
8067
8216
8068
8217
8069
8218
8070
8219
8071
8220
8072
8221
8073
8222
8074
8223
8075
8224
8076
8225
8077
8226
8078
8227
8079
8228
8080
8229
8081
8230
8082
8231
8083
8232
8084
8233
8085
8234
8086
8235
8087
8236
8088
8237
8089
8238
8090
8239
8091
8240
8092
8241
8093
8242
8094
8243
8095
8244
8096
8245
8097
8246
8098
8247
8099
8248
8249
8101
8250
8102
8251
8103
8252
8104
8253
8105
8254
8106
8255
8107
8256
8108
8257
8109
8258
8110
8259
8111
8260
8112
8261
8113
8262
8114
8263
8115
8264
8116
8265
8117
8266
8118
8267
8119
8268
8120
8269
8121
8270
8122
8271
8123
8272
8124
8273
8125
8274
8126
8275
8127
8276
8128
8277
8129
8278
8130
8279
8131
8280
8132
8281
8133
8282
8134
8283
8135
8284
8136
8285
8137
8286
8138
8287
8139
8288
8140
8289
8141
8290
8142
8291
8143
8292
8144
8293
8145
8294
8146
8295
8147
8296
8148
8297
8149
8298
8150
8299
8151
8300
8152
8301
8153
8302
8154
8303
8155
8304
8156
8305
8157
8306
8158
8307
8159
8308
8160
8309
8161
8310
8162
8311
8163
8312
8164
8313
8165
8314
8166
8315
8167
8316
8168
8317
8169
8318
8170
8319
8171
8320
8172
8321
8173
8322
8174
8323
8175
8324
8176
8325
8177
8326
8178
8327
8179
8328
8180
8329
8181
8330
8182
8331
8183
8332
8184
8333
8185
8334
8186
8335
8187
8336
8188
8337
8189
8338
8190
8339
8191
8340
8192
8341
8193
8342
8194
8343
8195
8344
8196
8345
8197
8346
8198
8347
8199
8348
8200
8349
8201
8350
8202
8351
8203
8352
8204
8353
8205
8354
8206
8355
8207
8356
8208
8357
8209
8358
8210
8359
8211
8360
8212
8361
8213
8362
8214
8363
8215
8364
8216
8365
8217
8366
8218
8367
8219
8368
8220
8369
8221
8370
8222
8371
8223
8372
8224
8373
8225
8374
8226
8375
8227
8376
8228
8377
8229
8378
8230
8379
8231
8380
8232
8381
8233
8382
8234
8383
8235
8384
8236
8385
8237
8386
8238
8387
8239
8388
8240
8389
8241
8390
8242
8391
8243
8392
8244
8393
8245
8394
8246
8395
8247
8396
8248
8397
8249
8398
8399
8251
8400
8252
8401
8253
8402
8254
8403
8255
8404
8256
8405
8257
8406
8258
8407
8259
8408
8260
8409
8261
8410
8262
8411
8263
8412
8264
8413
8265
8414
8266
8415
8267
8416
8268
8417
8269
8418
8270
8419
8271
8420
8272
8421
8273
8422
8274
8423
8275
8424
8276
8425
8277
8426
8278
8427
8279
8428
8280
8429
8281
8430
8282
8431
8283
8432
8284
8433
8285
8434
8286
8435
8287
8436
8288
8437
8289
8438
8290
8439
8291
8440
8292
8441
8293
8442
8294
8443
8295
8444
8296
8445
8297
8446
8298
8447
8299
8448
8300
8449
8301
8450
8302
8451
8303
8452
8304
8453
8305
8454
8306
8455
8307
8456
8308
8457
8309
8458
8310
8459
8311
8460
8312
8461
8313
8462
8314
8463
8315
8464
8316
8465
8317
8466
8318
8467
8319
8468
8320
8469
8321
8470
8322
8471
8323
8472
8324
8473
8325
8474
8326
8475
8327
8476
8328
8477
8329
8478
8330
8479
8331
8480
8332
8481
8333
8482
8334
8483
8335
8484
8336
8485
8337
8486
8338
8487
8339
8488
8340
8489
8341
8490
8342
8491
8343
8492
8344
8493
8345
8494
8346
8495
8347
8496
8348
8497
8349
8498
8350
8499
8351
8500
8352
8501
8353
8502
8354
8503
8355
8504
8356
8505
8357
8506
8358
8507
8359
8508
8360
8509
8361
8510
8362
8511
8363
8512
8364
8513
8365
8514
8366
8515
8367
8516
8368
8517
8369
8518
8370
8519
8371
8520
8372
8521
8373
8522
8374
8523
8375
8524
8376
8525
8377
8526
8378
8527
8379
8528
8380
8529
8381
8530
8382
8531
8383
8532
8384
8533
8385
8534
8386
8535
8387
8536
8388
8537
8389
8538
8390
8539
8391
8540
8392
8541
8393
8542
8394
8543
8395
8544
8396
8545
8397
8546
8398
8547
8399
8548
8549
8401
8550
8402
8551
8403
8552
8404
8553
8405
8554
8406
8555
8407
8556
8408
8557
8409
8558
8410
8559
8411
8560
8412
8561
8413
8562
8414
8563
8415
8564
8416
8565
8417
8566
8418
8567
8419
8568
8420
8569
8421
8570
8422
8571
8423
8572
8424
8573
8425
8574
8426
8575
8427
8576
8428
8577
8429
8578
8430
8579
8431
8580
8432
8581
8433
8582
8434
8583
8435
8584
8436
8585
8437
8586
8438
8587
8439
8588
8440
8589
8441
8590
8442
8591
8443
8592
8444
8593
8445
8594
8446
8595
8447
8596
8448
8597
8449
8598
8450
8599
8451
8600
8452
8601
8453
8602
8454
8603
8455
8604
8456
8605
8457
8606
8458
8607
8459
8608
8460
8609
8461
8610
8462
8611
8463
8612
8464
8613
8465
8614
8466
8615
8467
8616
8468
8617
8469
8618
8470
8619
8471
8620
8472
8621
8473
8622
8474
8623
8475
8624
8476
8625
8477
8626
8478
8627
8479
8628
8480
8629
8481
8630
8482
8631
8483
8632
8484
8633
8485
8634
8486
8635
8487
8636
8488
8637
8489
8638
8490
8639
8491
8640
8492
8641
8493
8642
8494
8643
8495
8644
8496
8645
8497
8646
8498
8647
8499
8648
8500
8649
8501
8650
8502
8651
8503
8652
8504
8653
8505
8654
8506
8655
8507
8656
8508
8657
8509
8658
8510
8659
8511
8660
8512
8661
8513
8662
8514
8663
8515
8664
8516
8665
8517
8666
8518
8667
8519
8668
8520
8669
8521
8670
8522
8671
8523
8672
8524
8673
8525
8674
8526
8675
8527
8676
8528
8677
8529
8678
8530
8679
8531
8680
8532
8681
8533
8682
8534
8683
8535
8684
8536
8685
8537
8686
8538
8687
8539
8688
8540
8689
8541
8690
8542
8691
8543
8692
8544
8693
8545
8694
8546
8695
8547
8696
8548
8697
8549
8698
8699
8551
8700
8552
8701
8553
8702
8554
8703
8555
8704
8556
8705
8557
8706
8558
8707
8559
8708
8560
8709
8561
8710
8562
8711
8563
8712
8564
8713
8565
8714
8566
8715
8567
8716
8568
8717
8569
8718
8570
8719
8571
8720
8572
8721
8573
8722
8574
8723
8575
8724
8576
8725
8577
8726
8578
8727
8579
8728
8580
8729
8581
8730
8582
8731
8583
8732
8584
8733
8585
8734
8586
8735
8587
8736
8588
8737
8589
8738
8590
8739
8591
8740
8592
8741
8593
8742
8594
8743
8595
8744
8596
8745
8597
8746
8598
8747
8599
8748
8600
8749
8601
8750
8602
8751
8603
8752
8604
8753
8605
8754
8606
8755
8607
8756
8608
8757
8609
8758
8610
8759
8611
8760
8612
8761
8613
8762
8614
8763
8615
8764
8616
8765
8617
8766
8618
8767
8619
8768
8620
8769
8621
8770
8622
8771
8623
8772
8624
8773
8625
8774
8626
8775
8627
8776
8628
8777
8629
8778
8630
8779
8631
8780
8632
8781
8633
8782
8634
8783
8635
8784
8636
8785
8637
8786
8638
8787
8639
8788
8640
8789
8641
8790
8642
8791
8643
8792
8644
8793
8645
8794
8646
8795
8647
8796
8648
8797
8649
8798
8650
8799
8651
8800
8652
8801
8653
8802
8654
8803
8655
8804
8656
8805
8657
8806
8658
8807
8659
8808
8660
8809
8661
8810
8662
8811
8663
8812
8664
8813
8665
8814
8666
8815
8667
8816
8668
8817
8669
8818
8670
8819
8671
8820
8672
8821
8673
8822
8674
8823
8675
8824
8676
8825
8677
8826
8678
8827
8679
8828
8680
8829
8681
8830
8682
8831
8683
8832
8684
8833
8685
8834
8686
8835
8687
8836
8688
8837
8689
8838
8690
8839
8691
8840
8692
8841
8693
8842
8694
8843
8695
8844
8696
8845
8697
8846
8698
8847
8699
8848
8849
8701
8850
8702
8851
8703
8852
8704
8853
8705
8854
8706
8855
8707
8856
8708
8857
8709
8858
8710
8859
8711
8860
8712
8861
8713
8862
8714
8863
8715
8864
8716
8865
8717
8866
8718
8867
8719
8868
8720
8869
8721
8870
8722
8871
8723
8872
8724
8873
8725
8874
8726
8875
8727
8876
8728
8877
8729
8878
8730
8879
8731
8880
8732
8881
8733
8882
8734
8883
8735
8884
8736
8885
8737
8886
8738
8887
8739
8888
8740
8889
8741
8890
8742
8891
8743
8892
8744
8893
8745
8894
8746
8895
8747
8896
8748
8897
8749
8898
8750
8899
8751
8900
8752
8901
8753
8902
8754
8903
8755
8904
8756
8905
8757
8906
8758
8907
8759
8908
8760
8909
8761
8910
8762
8911
8763
8912
8764
8913
8765
8914
8766
8915
8767
8916
8768
8917
8769
8918
8770
8919
8771
8920
8772
8921
8773
8922
8774
8923
8775
8924
8776
8925
8777
8926
8778
8927
8779
8928
8780
8929
8781
8930
8782
8931
8783
8932
8784
8933
8785
8934
8786
8935
8787
8936
8788
8937
8789
8938
8790
8939
8791
8940
8792
8941
8793
8942
8794
8943
8795
8944
8796
8945
8797
8946
8798
8947
8799
8948
8800
8949
8801
8950
8802
8951
8803
8952
8804
8953
8805
8954
8806
8955
8807
8956
8808
8957
8809
8958
8810
8959
8811
8960
8812
8961
8813
8962
8814
8963
8815
8964
8816
8965
8817
8966
8818
8967
8819
8968
8820
8969
8821
8970
8822
8971
8823
8972
8824
8973
8825
8974
8826
8975
8827
8976
8828
8977
8829
8978
8830
8979
8831
8980
8832
8981
8833
8982
8834
8983
8835
8984
8836
8985
8837
8986
8838
8987
8839
8988
8840
8989
8841
8990
8842
8991
8843
8992
8844
8993
8845
8994
8846
8995
8847
8996
8848
8997
8849
8998
8999
8851
8852
8853
8854
8855
8856
8857
8858
8859
8860
8861
8862
8863
8864
8865
8866
8867
8868
8869
8870
8871
8872
8873
8874
8875
8876
8877
8878
8879
8880
8881
8882
8883
8884
8885
8886
8887
8888
8889
8890
8891
8892
8893
8894
8895
8896
8897
8898
8899
8900
8901
8902
8903
8904
8905
8906
8907
8908
8909
8910
8911
8912
8913
8914
8915
8916
8917
8918
8919
8920
8921
8922
8923
8924
8925
8926
8927
8928
8929
8930
8931
8932
8933
8934
8935
8936
8937
8938
8939
8940
8941
8942
8943
8944
8945
8946
8947
8948
8949
8950
8951
8952
8953
8954
8955
8956
8957
8958
8959
8960
8961
8962
8963
8964
8965
8966
8967
8968
8969
8970
8971
8972
8973
8974
8975
8976
8977
8978
8979
8980
8981
8982
8983
8984
8985
8986
8987
8988
8989
8990
8991
8992
8993
8994
8995
8996
8997
8998
8999
)


// ************************************************************************* //
